-3.4101800 1.3031957 2.1754370
-8.1719160 1.5250145 2.9656090
-3.0543480 1.2477885 1.0983400
-2.4901590 1.1211138 3.7560240
-1.8405680 1.7843055 -2.4219580
1.9067940 1.2144925 3.1968440
6.0412000 1.2494359 3.2652890
-1.3469030 1.6299355 -1.2000020
-3.4393240 1.7236688 -9.8213000
-8.4314160 1.0957263 3.7097300
-4.2233540 1.7211574 -4.1799800
-6.3308390 1.5660615 -1.3838790
-7.6903950 1.6708033 -2.6931360
-7.2253920 1.1539550 5.1670300
1.2981330 1.1366375 3.8302950
-3.7857280 1.7010102 1.4236000
4.8689400 3.7962370 4.5867630
-5.7180550 4.0918830 4.6301340
-4.5209070 3.8839100 4.4503770
-3.3761490 1.2617876 1.7132300
-5.0242270 1.5773747 9.3944500
-2.1216950 1.5887938 -4.6923700
-5.6472950 1.5778406 8.1786500
-5.2802060 4.1319860 4.6169800
-4.9960340 4.3101950 4.4462650
-2.9748750 3.6539860 5.2493310
-3.5438900 4.2659770 4.7541530
4.9304900 4.1982660 4.5723390
-3.9088180 1.6872020 -1.1924680
-5.6901000 4.5437000 4.3236960
-4.1244880 4.3098890 4.2129560
-2.6471980 4.5034530 5.1219460
-2.1866970 4.4022930 5.3243800
-3.6996250 1.6899301 1.3256300
-6.7216590 1.6171340 -1.3733710
4.9760060 7.0235220 2.3732020
-4.9186640 4.6411230 4.1170040
-4.4590380 4.3797990 4.2685460
-4.3686470 4.7154500 4.0286310
-2.2491950 4.6513620 5.1885310
-6.5174200 4.5036200 4.7502780
3.7699000 4.4935790 4.6519930
3.4023920 1.1353879 2.4595280
-2.6467900 1.8104250 -8.0811700
-1.7533470 4.7964250 4.8829630
-7.0012600 4.6416520 4.7485540
5.9862300 4.6689140 4.9073620
9.1007200 4.8474490 4.9353190
-3.5453700 1.1244769 3.5055410
-7.5983200 1.3820800 4.9216580
3.4838440 4.3153410 2.8954310
-5.2655550 4.8494220 3.8731190
-4.7378940 4.8456670 3.9126790
-3.8933750 4.6364270 4.0364780
-2.6468940 4.7816430 4.9322590
-2.2365790 4.8073650 5.0126500
-1.3373430 4.7892410 4.7883850
-1.2193490 4.9470300 4.9484490
-6.3364000 4.7193060 4.9136900
2.0656800 5.0104680 5.2290220
-2.2749270 4.9883880 4.6605520
-1.8002080 4.9917850 4.6947970
-7.8036800 5.0169310 5.0988650
-2.6843800 5.1247420 5.3186790
-6.3875650 1.6140094 -2.0064210
3.2434000 4.5333970 3.0316760
-8.8064570 1.2496764 5.7412000
-4.1503710 1.6748512 3.2765900
-6.4457010 1.5342891 -5.1180400
-3.4303190 5.0520150 3.8286020
-2.2949400 5.1020650 4.3926450
-1.4354710 5.4428200 5.0710310
1.3773100 5.2302710 5.3149010
3.6285000 5.3198640 5.3422710
8.0723800 5.1574140 5.1773560
-7.2665890 1.3005582 5.1668200
3.7992780 4.9793200 3.1902020
3.8497260 4.8062400 3.1737450
2.1503510 1.2563988 2.1252620
-7.6481330 1.4827412 -8.9376200
-8.7240410 1.1967213 -1.7813000
-4.3719960 1.6822738 2.3425000
-4.0652200 1.2266506 2.6290300
-4.6686180 5.4570720 3.7587370
-4.4071750 5.1058250 3.8977810
-3.8144110 5.0599600 3.9302160
-1.9875770 5.1607710 4.6142000
-1.6911250 5.1843550 4.8459320
-1.6249190 5.4292110 5.0306940
-1.0446540 5.3685970 5.1958610
-4.3090900 5.4467500 5.3908250
7.8152700 5.5050680 5.2750250
3.7955090 1.0488710 -3.2031800
-7.9003790 1.2850550 5.3149340
-7.9778990 1.3448894 5.0990290
-5.9129700 1.5039712 3.4489540
-6.5691790 1.4961818 3.8160980
-3.1951660 1.2518394 1.9400580
-6.9372590 1.6061775 -9.1905000
-4.5225500 1.2935459 2.0377520
-4.1879110 5.6164390 3.9796700
-3.0614840 5.4412650 3.6694290
-2.4787600 5.2606220 4.0839760
-2.1588860 5.6836920 4.5467040
-2.4264000 5.4536020 5.4641200
-8.0900510 1.2558713 5.2155370
-2.9996210 1.7811137 -5.2358200
3.5515390 5.0449570 3.1439830
4.3315550 5.2145550 3.2492110
-6.3938540 1.5262699 3.4481070
-4.4489440 6.1077710 3.9545320
-3.8979900 5.7996270 4.0151390
-7.9087730 1.7044488 -4.1373170
-4.6247300 5.7759650 5.3990710
-1.4985500 5.5925480 5.4630800
5.1981700 5.7017990 5.3423530
3.0920000-005 1.2315746 3.4749660
3.3568300 1.1523716 2.1798410
3.8686300 5.6450590 3.1188930
-3.4385780 5.4096000 3.8060290
-8.5308300 6.0159420 5.5308950
-4.4024000 5.8343410 5.4483410
-9.1078730 1.1506037 4.0141810
4.0775480 5.4557490 3.2014740
4.5636880 5.7402620 3.1992220
2.0358850 1.2448747 2.5906340
-1.4169700 1.2767892 1.3080500
-1.1987590 5.7493210 5.2752420
3.2514500 5.9828640 5.5464300
-1.2395240 1.2264726 3.3588280
1.3813780 1.2322188 3.2502590
-7.7004310 1.5521281 2.4534770
-2.8001360 6.1075420 3.7471210
-8.5480000 6.0593520 5.5824810
-3.8050200 1.1527068 3.3178540
-1.6231340 1.2382942 2.9576990
-2.5373550 1.5840012 -1.4801300
-6.7818590 1.5454353 3.0233720
-4.3082600 6.1418570 5.5688490
-3.1958900 1.1912518 3.8349580
-6.4292400 1.2201090 3.5740890
4.2312960 5.9099150 3.0848420
4.8510010 6.1780760 3.0347250
5.0412290 6.0312610 3.0245060
-3.9185590 6.3074530 4.1382890
-3.4448660 6.0780500 3.9543990
-1.4746030 6.5583910 5.3730860
2.6645200 6.2700010 5.6525210
-1.3991610 1.1962575 3.6251540
1.9659170 1.1236219 3.7545270
-3.2597160 1.7498725 -2.5953100
-2.1513900 9.9437380 4.9849750
-5.6001390 6.1830670 2.7931150
-5.4707260 6.3461570 3.1670590
-5.1307940 6.0521660 3.1434930
-4.1979320 6.9629980 4.1824930
-3.0272490 6.2474660 3.7982220
-1.1387860 6.4742460 5.4918000
6.9544900 6.4700130 5.5599150
4.3015090 9.7690960 1.0258300
4.0635900 6.1574860 2.9841250
4.6183560 6.1910110 3.0223400
3.7552960 1.0685291 2.6303470
-7.8640730 1.6387238 -2.8387790
-6.1996240 1.4761484 -4.3256800
-5.7499800 6.5488980 5.6173390
2.5369000 6.5741170 5.6569260
-2.0542550 1.1979518 3.3003670
4.3155900 1.2782561 2.8646880
-4.6549580 6.7652130 3.9635790
-1.7420580 6.9659490 5.4089530
-1.5242190 7.0909900 5.5004790
-1.0282890 6.8926360 5.5289610
-1.1289000 6.9288200 5.6579790
-3.6309330 1.1876943 3.0674020
-7.0325800 6.3367770 1.9809180
4.3023100 6.3795810 2.8039210
4.2831110 8.5556040 2.7873760
1.6981600 1.2715003 2.2931490
-4.2121490 1.2825104 1.0751500
1.6329230 1.2251895 3.1375390
-8.1264160 1.5381172 2.5897830
-3.2257870 8.8192600 -2.5130960
-1.3774950 7.0887950 5.4695630
5.2929600 6.8006030 5.5670490
7.6962500 7.2375600 5.6062150
3.4830600 1.2002635 3.6911950
6.6532500 1.1673563 3.8716340
4.6086570 6.6473930 2.6808990
5.2327290 6.4327070 2.8281890
-6.1897630 1.2297065 -8.7725500
-6.3934700 1.0524472 -2.2841900
-3.5218330 6.8559830 4.1381470
-3.2689880 6.7729720 4.0124390
-2.9245440 6.9551520 3.9369010
-5.0024500 6.9655000 5.6892510
1.6573960 1.1890153 3.5042300
-8.9385100 9.9024040 1.7521830
4.5719230 6.9489400 2.3549340
5.4537210 6.8796720 2.4517690
-4.4989450 7.1577330 4.1929250
-4.2439400 1.2914902 2.5829230
-7.3880090 1.2091638 5.3395800
-7.4033870 1.4406894 4.4994970
5.0400010 6.7292480 2.6851470
-5.4056890 1.5671602 -2.4865900
2.6148110 1.2014725 2.7308010
-1.0736490 1.2990285 1.0993790
-4.5078840 8.7261130 -2.1865520
-3.8340900 6.8843770 4.1846470
-2.9255580 7.5169210 4.1186430
-4.7311210 1.6296037 6.0740300
-1.1866030 7.3183750 5.6250050
-6.3734600 7.2184340 5.7972980
-2.9935300 7.2186440 5.8167190
-2.5781060 9.3778180 -2.8388220
-1.6692560 1.1568553 3.7853150
-8.4123410 1.0832050 2.4730980
-7.4294080 1.6356850 -1.5534220
-9.4297150 1.2617744 1.9224650
-3.5207090 1.2505219 2.1635690
-4.9495940 7.3436340 4.1673570
-3.3064160 7.6654840 4.1277900
-7.3157300 7.3919590 5.7971690
2.1850000-005 7.3496040 5.7696650
4.1934400 7.2915170 5.6298730
-7.7256080 1.4565854 4.3122930
4.1073260 8.8724320 -9.7879400
3.7418710 1.0850822 3.3973000
-5.5111380 7.4687840 4.1939740
-4.2740230 7.6995340 4.2804080
-6.8531190 1.5630045 2.0997710
-9.9440200 7.6343100 5.7388560
-3.2479200 7.5710690 5.8714640
1.3414380 9.3073740 5.1467750
-7.3504440 9.3883340 -1.4751720
-7.4471830 1.3507476 5.0688900
-2.5851310 1.2182948 2.6079670
-3.4022940 1.7597076 -3.7271600
-7.5405850 1.6839072 -2.6792980
-3.6658410 7.5087300 4.2006940
-1.7795480 7.7486190 5.6087240
-1.1378660 7.9877150 5.7698880
-1.0415000 7.6881950 5.8190740
2.7381400 7.9105680 5.6719190
5.5681200 7.6397140 5.6327220
-6.1895860 1.5424247 -1.9018600
-7.2646960 1.4098943 4.6976640
1.5799740 1.2901416 1.3236870
-1.1703420 9.7355720 5.1592080
-5.8922160 7.7545490 4.2961390
-5.3121320 7.7912430 4.3334920
-5.0745740 7.6148400 4.3137630
-4.7401820 7.5550340 4.2630140
-4.5055620 7.8796280 4.2341310
-3.9517650 7.8127780 4.2918620
-1.5245570 8.2940770 5.6934590
-1.4557790 7.6582160 5.6493250
-5.9406000 7.9038240 5.7969830
3.7176540 1.1064404 1.8811330
2.3929700 1.3162713 1.1955100
-9.3644210 1.1789378 1.8662080
-6.3939810 7.8621830 4.2083520
-4.5376460 8.2383550 4.3282120
-3.6505460 8.1152260 4.3162320
-3.3244340 8.2266590 4.1852180
-3.0800650 8.0068420 4.1798070
-2.0578500 8.0998290 5.7553840
8.1848100 8.0756170 5.5374510
-1.2953370 1.1593580 3.8920230
-7.8081470 1.2351940 5.2136990
-2.6580930 1.5567694 -4.1963400
-8.2471600 1.1624130 -2.3236300
-2.7538480 7.9964780 4.7697210
1.2556400 8.3845570 5.7446440
6.1508300 8.3406240 5.6463500
-6.2433240 8.4035270 4.4203120
-5.9867170 8.0540510 4.3277090
-5.5238340 8.1999450 4.4984770
-5.4000400 8.0568410 4.4601460
-5.0027020 8.1311330 4.4264180
-4.1996120 8.1083670 4.2456150
-3.9357940 8.3631380 4.3502350
-8.6161480 1.0838594 1.8244920
-8.6723010 9.9917250 3.5537100
-2.2413700 8.3283520 5.5590700
-1.6993180 8.2555820 5.7523880
-1.2406010 8.5222570 5.7267780
-7.4442100 1.1693417 3.9283850
-2.1452000 1.1143287 4.2436620
-7.5718220 1.2522734 5.3087330
-7.7056660 1.3193469 5.2462430
-6.1121040 1.5569660 2.2517050
-3.7538540 1.2744127 1.5320870
-2.0516700 1.0093469 4.5625920
-6.4992150 8.4550900 4.4120060
-5.7861950 8.3944360 4.4186030
-4.5681080 8.4988010 4.4159500
-3.5022640 8.2888160 4.2912760
-2.9982010 8.5402300 4.3745080
-8.8892260 9.9209100 9.5703200
-1.9135300 8.3474800 5.7217390
-8.3489710 1.0724729 7.5790000
-7.0112800 1.1790350 5.2714160
-3.5526320 1.7595563 -4.8676200
-7.0831390 1.2254425 5.3274880
4.5133810 9.3630690 6.2336800
-5.3616700 8.5346850 4.5332470
-4.9000840 8.6221680 4.5352040
-3.6744880 8.6083690 4.3612890
-1.0872600 8.8826770 5.6665490
-3.8450200 8.4787810 5.7197980
-4.9020070 1.1771293 3.1581430
-4.2914400 1.1835991 3.0645040
-5.7684530 1.5561695 1.2983110
-2.5411730 1.2472533 1.2886000
1.9012230 1.2736197 1.7786580
-5.9498600 8.8845470 4.5109290
-5.6931050 8.8101500 4.4692930
3.5765600 1.3138981 7.2086000
-1.6683350 8.7266690 5.6741190
-8.4980800 8.3990470 5.7605220
3.5078200 8.6339520 5.7048320
-2.8398700 1.8070650 -7.8469500
-7.6565830 1.1674037 5.1489350
1.7869430 9.0898610 4.8712940
-4.0342100 1.1669551 3.2460200
5.9105700 1.3140929 1.6823750
-8.5777550 9.1701370 -4.6970000-005
-5.0372230 8.8844660 4.5188000
-4.4434130 8.7654530 4.3477620
-4.2056390 8.6711520 4.2534630
-3.3058460 8.6185500 4.2560350
-2.9241910 9.0453360 4.4236610
-6.8964100 8.4432910 5.7168580
-6.6210600 9.0415250 5.6879750
-1.2439100 8.9093200 5.6552120
9.4076000 9.0328050 5.4214140
4.0194810 1.0231597 -2.0048600
-8.6227130 1.1466841 2.2102000
-8.9495490 9.5632430 1.4234810
-6.7132160 1.5709447 -6.2032000
-5.2935640 9.0913520 4.4568870
-3.6744910 8.8886950 4.3312050
-1.3626110 8.9787930 5.6674380
2.3337130 1.2353449 2.4874140
-3.7053790 1.2715094 3.5474000
-7.3696690 1.5613015 1.4359790
-6.5592380 9.1042400 4.4092080
-5.8997380 9.2030670 4.5335270
-3.3238910 8.8573580 4.3697040
-3.1834990 9.0722970 4.4173460
-2.0022170 8.8032110 5.5589350
-1.1213830 9.2366370 5.6105260
3.9108440 1.0829072 1.3142330
2.8675700 1.1959600 2.4545910
-6.8940210 1.5652777 -1.9716000
-6.2615110 9.1126880 4.5090730
3.0444560 1.1886441 2.0821750
-1.5241090 9.1821720 5.5817230
-5.6221700 9.3235010 5.5893630
4.7989900 9.1654840 5.4715170
-6.8282400 9.2376840 4.2388730
-5.5623730 9.2187420 4.5054970
-5.1901030 9.5457620 4.3937650
-4.8809030 9.1083890 4.4456690
-4.5411560 9.1002130 4.3252770
-4.4514550 9.4860420 4.2972490
-3.9430320 8.9597620 4.3177890
-3.5642240 9.2617410 4.4238490
-1.2246000 9.3201160 5.5398380
9.5104600 9.5483870 5.0910600
2.1441660 9.1354960 4.8043360
-8.9830300 1.6926449 -2.2683480
-7.3019050 1.5602104 2.2419340
-6.4760430 1.5311588 -2.0371200
-6.9368510 9.5242790 4.2129000
-6.0117140 9.5552910 4.4183820
-2.9241690 9.4290440 4.4821190
-2.6561430 9.3289510 4.4975420
-1.4394030 9.4587640 5.3993500
-8.8691600 9.5400260 5.4445980
-1.2188700 9.6201750 5.3815910
4.0479000 9.5817360 5.2936770
-4.6019400 1.2428544 3.3471960
-7.8436460 1.3928013 4.8329360
1.0774610 1.3079162 1.4341740
-5.6623730 9.6322170 4.3667910
-3.6298870 9.5695620 4.3580310
-2.4379930 9.5866450 4.4434530
1.0915500 1.2633629 2.9857020
-5.8622700 9.7350210 5.2743650
1.6973450 9.7106620 4.7440920
-6.7231980 9.9173950 4.1593880
-5.4994210 9.9640820 4.2955230
-4.8617990 9.6452700 4.4183060
-5.5369000 1.5442476 1.6160650
-9.4243550 1.2207432 2.3568470
1.3242990 9.6738240 4.8750160
2.0639290 9.6602480 4.6971000
7.3429700 1.2098188 3.5973430
-1.3493870 1.2882438 5.9690700
-2.0110640 1.2504545 2.3588310
-6.9438450 1.6479930 -1.7218700
-6.4028050 9.7838670 4.2565330
-5.1996350 9.9707850 4.2716590
-4.3990880 9.9425460 4.2383430
-3.9738250 1.0215357 4.0574410
-3.5931490 9.9809950 4.2335800
-3.0867600 9.6914680 4.4651400
-2.8342070 9.7782680 4.3761280
-2.5622580 9.8713420 4.4210890
-8.5236620 1.1077356 2.4537670
7.1936000 9.8859470 4.8419510
9.6509200 1.0108782 4.7373080
1.3487100 1.0076420 4.7454290
7.7389800 1.3147500 1.1682970
8.0905000 1.1633319 4.0167560
-7.2652570 1.6567918 -1.8212480
-5.6009400 1.3076674 1.0516060
-2.6303720 1.2518875 1.7392980
-4.7590430 1.0081180 4.2349150
-4.1460830 9.8544800 4.1778620
-3.3582070 1.0383908 4.0737990
-2.2870240 1.0284737 4.3544750
-2.2361970 9.8207610 4.4765940
-1.8870510 9.8973200 4.4489280
-7.1433690 7.7573520 3.8060760
-7.3001150 1.1826712 5.3034590
-6.8466430 1.3498146 -8.3359800
-7.4683810 1.0786100 -9.0477100
-6.4958960 1.5852021 -1.2595320
-7.8931700 1.5093057 3.5151900
-7.4113550 9.9442520 3.8337710
-7.0456930 1.0098777 3.9794060
-5.9058760 1.0041260 4.2725130
-4.9187330 1.0452012 4.0301390
-2.9151180 1.0197369 4.2633060
-1.1599720 1.0107813 4.4191660
5.1450400 1.0163906 4.5423010
-5.1495700 1.0496738 4.0347210
-2.0218210 1.0214391 4.3701160
4.2515900 1.0523743 4.2563550
1.6832800 1.0337487 4.5287270
-2.5661080 1.2562669 4.5537500
-7.2141950 1.0536685 3.7523210
-6.4984570 1.0371550 4.0647810
-6.0652480 1.0467197 4.0906390
-5.5308980 1.0365394 4.1516690
-4.4243240 1.0431726 4.1339990
-1.5513340 1.0436131 4.2919420
-7.6323200 1.0304531 4.3710640
-7.8046900 1.0516619 4.3825460
9.7163200 1.0523506 4.3603830
3.0300390 1.1553645 2.8685010
-4.7496910 1.0635662 4.0165640
-3.8978950 1.0683037 3.8247660
-2.5869310 1.0426705 4.2207540
-1.8057930 1.0503919 4.2802830
-1.5180030 1.0807750 4.2350430
-3.8981500 1.0566175 4.4047190
2.6820000-005 1.0446731 4.3775910
1.1978350 1.0403629 4.5396310
1.5004970 1.0726898 4.1811990
2.6488060 1.2230287 2.0398110
-3.6225630 1.0634244 3.8644860
-2.1126780 1.0932290 4.0715320
-1.2819810 1.0457100 4.3465690
5.2847900 1.0943666 4.1674980
8.9403700 1.0710645 4.1243400
-5.1839670 1.6062039 7.1421300
-5.4201370 1.1451730 3.4843990
1.3226250 1.2958070 1.9689610
-6.9382410 1.0865787 3.7507800
-6.7691040 1.0734145 3.8018440
-6.3782400 1.1037270 3.7579790
-5.0749390 1.0928682 3.8297580
-9.3936200 1.0742813 4.3454570
1.1760100 1.0932531 4.2662800
9.8020300 1.1003994 3.9945400
2.0131290 1.0732778 4.0323840
-2.7872800 1.0577531 -2.2459030
-5.4996890 1.0774199 3.9424590
-4.5966740 1.0905146 3.8754110
-4.2324540 1.0737278 3.9456440
-3.2161240 1.0896504 3.8102720
-3.0770180 1.1597313 3.2858800
-1.1608610 1.0983707 4.2475330
-2.9428320 9.3166620 -2.4931860
-8.0043570 9.2080160 -9.4198200
-4.9797430 1.1342104 3.5117920
-4.3723850 1.6191369 5.7713400
-5.7981740 1.0943152 3.7997640
-4.1491180 1.1224766 3.5873450
-2.4929830 1.1592775 3.4094730
-2.0881690 1.1409528 3.7872990
-7.5519700 1.1183813 4.2039690
3.7667200 1.1240547 4.1494710
-6.2829620 1.5189480 -9.2373400
-5.9195950 1.1320797 3.6234680
-5.1079080 9.3892810 -2.1761690
-7.3945370 8.4374880 -1.5154490
-7.2146240 1.3486431 -7.7592200
-1.9408870 1.7041104 -2.0994830
-5.5530450 1.4905531 -1.9602100
1.6688460 3.6976600 4.3000600
-5.2277330 1.1775075 3.3769460
-6.9201380 9.3039200 -1.6486120
2.6579210 1.1702438 3.0867940
-2.3574310 3.7036910 5.4144750
-7.3775100 3.8988430 4.8929450
1.3234660 3.8453060 4.4501470
1.9487350 4.0809290 4.2641060
-6.3953930 1.4694729 3.8484200
-4.9579470 3.6096540 4.5955360
-4.3323650 3.6286400 4.4042360
-2.9047200 1.2556338 7.7617700
-1.7343100 3.9476800 4.7262900
-3.1358130 1.5362199 -4.6738900
2.5822000 1.0747582 -2.0606030
-5.6802300 1.4514674 3.1740300
-5.6464330 3.7683110 4.6819640
-5.0964750 3.8312290 4.6286140
-5.0980410 1.3486613 2.7585000
-2.5647410 3.8860730 5.4161390
-2.2542110 4.0615780 5.3986030
-1.7618010 3.8911170 5.2403440
-1.9711750 1.6829145 -1.3020960
2.3780070 9.5222940 4.6347330
1.4744290 4.2716950 4.4510310
2.1691360 4.0161530 4.0846450
-6.4067240 9.0172190 -1.8855520
2.0319150 1.0041961 4.5760520
-3.6425000 9.3630690 -2.3534630
-1.4981170 4.2571420 5.1404530
-5.7335340 1.2340101 4.0231470
-5.4172560 1.2337919 3.7576440
2.2625210 4.3621680 4.0904580
2.8810520 4.3352290 3.2157720
-4.2764160 1.5727487 5.2016200
9.2231900 4.4125090 4.5057440
1.5048210 4.5755840 4.3793870
-6.3757290 1.0251144 -1.7484400
-3.4070430 1.6148975 -1.3786960
-8.2191500 7.5610200 1.6542620
-6.6299420 1.2337119 5.0615920
-1.5510100 4.5283110 5.0653040
1.8928020 4.4249610 4.3009830
2.5821800 4.6326610 3.8277230
2.7268700 4.4547790 3.6152520
-4.5301340 1.5695057 7.2036900
2.3855760 1.0616625 3.9378080
2.1632670 4.8127270 4.0694430
4.3785360 4.8803700 3.1343420
4.8074790 4.8969960 2.8165490
5.2663090 4.7673620 2.1201270
-5.2722450 4.4722850 4.4143250
-3.0071610 1.7258324 -6.3597700
-3.4508050 1.5447469 1.6504600
1.0629710 4.6711810 4.6472020
1.6743440 4.8439000 4.3678630
2.8827050 9.2133370 4.3920090
-5.9937100 1.2726188 4.0771270
-3.6752090 1.5802075 4.1862000
-3.7885390 1.6199719 2.4686000
-2.2047790 1.8348586 -1.2094990
-2.4364620 1.8096836 -9.8312000
-4.4882280 1.5052959 7.6451700
2.6996760 5.1317780 3.8752040
4.7735750 5.2751040 3.0797290
5.1703790 4.8857380 2.4147970
-6.7504360 1.1424088 4.8036050
-1.6257520 1.6031250 -9.6926000
-6.3926300 1.6792441 -4.0730420
-4.1665290 1.4996141 4.5405000
-3.5203230 1.6493551 -2.6810000
4.1318770 9.9496740 2.4275750
1.4055220 5.2523910 4.8593880
1.9421220 5.1321300 4.4798910
2.3677990 5.1474390 4.1053270
3.4258130 5.1930810 3.2757880
5.5957340 5.3147410 2.3197720
-3.9937960 1.4922850 1.6017200
-4.6988800 1.2600802 2.6985500
-2.7708370 9.0081290 -3.1911460
1.9204630 5.5166510 4.7722150
2.1886000 5.3927560 4.5102460
3.1286270 5.2863840 3.6913620
4.6661160 5.4719230 3.1976810
5.1823730 5.3276700 2.7927010
-2.9264880 1.6140418 -2.1039500
-6.8700770 1.4463537 4.3041630
-5.6070060 1.5000706 2.9867640
4.4717850 9.4802660 1.2024710
-4.1804090 1.5582081 6.4548200
-6.8369340 1.2289287 5.2437860
-6.4114810 9.5509880 -1.8114610
-1.8383130 1.8543664 -1.7136370
1.1745400 5.6678340 5.1914060
-5.9375360 1.1998238 4.0548240
5.9092080 5.7956980 2.0270120
4.3547740 9.7389400 1.7314650
-2.6291780 1.5963381 -5.1845000
1.4904780 5.6350380 4.9522780
2.4286200 5.4958580 4.3086850
2.8952610 5.6125250 4.0388970
-4.9507770 1.2949500 3.0259270
4.0824790 9.5170220 2.8657920
1.7774800 5.8243780 4.8864720
3.3573840 5.8515260 3.8310990
3.6385040 5.6996480 3.3601460
-6.4205010 1.2243894 4.8008340
-6.5424500 1.4011279 4.1308960
5.0801340 5.7308080 3.0001390
5.6671750 5.6970820 2.4291920
-4.9349930 1.4913519 1.1274060
-6.9760570 1.3442855 4.8265220
1.9537060 6.0003780 4.8576140
2.7013910 5.9952790 4.3454420
5.7679430 6.1392970 2.4201790
-5.6916540 1.2623512 3.9426610
2.3469280 1.1656262 3.3537270
-5.8298640 1.3885500 3.2937460
6.4598400 6.0297430 5.4780030
1.0406020 5.9162400 5.2484370
2.3183950 5.8654360 4.5871060
3.3040360 6.1773840 3.9781440
-6.4348220 1.2628088 4.6650200
-5.7031440 1.1562007 3.6494880
5.4451560 5.8342890 2.7653010
-3.0134400 1.7011322 -7.3591600
-3.7077100 1.5986369 1.6096500
-5.6032760 1.3731083 3.1970590
-6.7676470 1.4150325 4.3868140
9.9911700 6.2735270 5.4009240
1.4521510 6.1382890 5.0500900
3.0051740 6.2169610 4.1545810
3.7519170 6.1062710 3.4366020
5.3944010 6.1391550 2.8268530
5.9119900 6.3128810 2.1561830
-2.4366390 1.7693266 -1.1719630
-1.3253420 1.6627152 -1.4120370
3.9218740 1.0669250 2.0450190
-1.7968980 1.8078031 -1.8103430
2.1902390 6.0875970 4.7282360
3.5341750 6.1630030 3.7606020
-6.2145620 1.3599775 3.6700970
5.6820620 6.3691150 2.5286090
-3.2800040 1.5948699 2.1962800
1.1212140 6.6584120 5.3982180
1.2919590 6.4203580 5.2441150
2.0126950 6.3851330 4.7919660
3.5971760 6.6669610 3.7781400
3.9906940 6.4361260 3.1686660
-6.6702350 1.3210600 4.5480940
-4.1601430 1.5978000 3.5374700
3.3044580 1.0766252 3.1916150
2.4672100 6.3694500 4.5204640
2.6108660 6.8007640 4.3902690
3.3363940 6.7054760 3.9729480
4.2915790 6.6707700 2.6994720
5.4714960 6.4697160 2.6979680
-1.6530940 1.6325000 -9.2475200
-1.7891600 1.6113800 -6.7072700
4.1118120 9.7491260 -3.9756700
2.3386770 7.0075990 4.7012620
3.8102900 6.5678440 3.5132520
1.0145240 1.2221678 3.4718950
5.8392410 6.6741240 2.1979460
3.8302050 8.4549140 -1.4478830
3.4126440 9.7053980 3.7590390
-3.1355740 1.5809888 1.9128800
-5.8259510 1.4099493 3.2440640
-6.6817230 1.1951525 5.1490220
-6.8090040 1.1647050 5.1151230
1.6568300 6.6269890 5.1009890
2.9362870 6.6509780 4.2289380
3.7027180 9.3949630 -1.1674040
5.6412730 6.7659930 2.3969320
-6.1295740 1.4519988 3.7137830
8.3873000 1.1336223 3.9792610
1.1807030 7.0920980 5.4240490
2.9741730 7.0647100 4.1653890
3.6294410 7.1220700 3.7114610
3.9899680 7.0294820 3.2720020
-6.2763130 1.3778012 3.6678590
-1.5815440 1.7504938 -1.8654160
-9.2268990 1.1475156 1.7017380
-9.4964000 1.0141111 4.4290070
-6.3712920 1.1274250 3.8006760
-6.1096020 1.1701650 3.9654020
2.0991870 6.9335450 4.9003540
2.5658530 7.0550460 4.4539930
3.2978560 7.3500690 4.0486510
4.2156130 6.9717580 2.8318230
-5.5516860 1.2956070 3.6598450
-4.0802290 1.6436059 3.7448800
-6.2546500 1.0121650 4.4322030
-1.0986820 1.6621199 -1.6047550
-3.0351420 1.6448158 -5.3291400
2.6110920 1.0088990 4.1733260
-6.5599940 1.1329504 4.2318710
2.8814660 9.6712680 4.2257700
1.5263280 7.1571940 5.2717390
2.8982400 7.4088480 4.3447240
4.4872540 7.5516710 2.3155250
-7.8225230 1.4962481 -2.5019400
-4.6094940 1.5296850 9.0029700
-5.2369030 1.4682913 1.8934650
-2.1592100 1.5763440 -6.8623600
1.7176770 7.3066230 5.1826600
2.2687500 7.5149180 4.9312500
3.5472040 7.3076670 3.8482270
-8.9480840 1.3839976 2.5061450
-5.3216730 1.3221978 3.2978380
-3.7776780 1.5551947 4.3700800
-9.0549380 1.3511875 2.1680550
-6.3366580 1.3037076 4.1669940
1.4074270 7.6651720 5.4221350
1.8109790 7.5806590 5.2488260
4.2209940 7.8861480 2.9187200
-5.2115930 1.4179906 2.0510310
2.9063090 1.1149602 3.3805790
-5.4731460 1.4267229 2.8980480
2.5903640 7.5536040 4.6416650
3.1298760 7.5907440 4.2699060
3.8446170 7.5649430 3.5050640
4.6351670 7.4079520 1.8354320
-4.7656560 1.3077525 2.5523570
-1.1447430 1.7131059 -1.9602980
-3.6647240 1.6640131 -2.8167000
-4.6653530 1.5917824 7.8019000
-4.5569890 1.4663612 5.6514200
4.1438880 9.2365100 -7.4587000
-6.4287420 1.3463625 3.9945640
-6.1128890 1.3178328 3.8915910
-4.7843540 1.2215063 2.8833160
-4.9536830 1.2491344 3.1778440
-7.1135380 1.3817656 4.7853960
1.0113870 7.6468110 5.5256790
1.7897450 7.9516550 5.2759530
2.1740850 8.0250650 5.0425390
2.5271590 7.8724920 4.8026570
3.0885040 7.8999480 4.3388770
-6.2441930 1.4084781 3.6965840
-6.2165060 1.5666850 -1.7837760
2.0657260 1.0416830 4.3004680
-6.3602800 1.1571453 4.2572290
1.4424020 8.0085500 5.3755600
2.8779340 8.2553250 4.4527350
4.4450130 8.1846900 2.4552920
4.5541990 8.3338380 1.9700850
-4.9665810 1.2063801 3.2163270
-2.9177290 1.7619959 -5.6241100
-5.8203130 1.3270975 3.6918680
3.8997050 9.7088220 -7.7799300
-5.4725800 1.2071262 3.7451450
1.3189120 8.4211180 5.3065830
-1.9926300 1.6489742 -9.9900200
2.0153130 1.1849719 3.4271250
-5.5859940 1.1774313 3.7253480
1.8045260 8.3623160 5.1285840
-6.3757130 1.5912175 -5.0155730
-1.8527620 1.7653197 -1.7043540
2.8734400 1.0360053 3.8035240
4.1414010 1.0284216 1.6578920
2.4411730 9.8016880 4.4687400
2.0925180 8.6311430 4.9433120
3.0445010 8.4959560 4.3011090
3.3030090 8.3781640 4.1636930
3.6975090 7.9876480 3.7198390
-7.7721460 1.1355888 4.8155990
2.9250000 1.0651935 3.6590330
-5.3078180 1.3754688 2.8266470
-6.2990590 1.1999459 4.5235530
-6.5398320 1.1751956 4.8735570
3.3373910 1.1227890 2.7788130
3.8413590 8.7489930 3.5185850
-6.1945930 1.6479234 -5.6647670
-2.2876480 1.7392813 -1.3431140
4.3766230 8.8390020 -3.5708800
3.9291530 1.0125969 2.7550520
1.0936230 8.6027290 5.4732670
2.4108720 8.4492600 4.8292310
3.6758390 9.9195470 3.2837670
-5.1941640 1.2565987 3.4587860
-3.1582110 1.6641850 -5.7320000
7.6405900 8.6427230 5.6117850
1.6771020 8.8644690 5.0522960
3.4404610 8.6932850 4.0574270
3.6143820 8.4439200 3.7936930
4.1258830 1.0361081 2.6760600
2.4766140 1.1081111 3.6728360
-2.2601590 1.6250449 -6.0717000
-1.2893670 1.7879041 -2.2624750
-2.4939150 1.7031135 -1.1329700
-4.8468630 1.4559606 8.3661500
1.2534490 8.9593930 5.3394630
2.5872860 8.8482290 4.6655260
3.2756470 8.8969130 4.2215450
-2.3343620 1.6103450 -3.1862400
-9.2594970 1.1943826 2.6802950
-7.4314840 1.3761738 -6.6698800
-9.2499230 1.2131500 2.9256200
-7.7378260 1.5764266 -1.4133650
-9.2907340 1.2307021 3.6523230
2.8423340 8.8011080 4.4234200
3.5251680 9.0836820 3.9183920
1.5760560 9.3203560 4.9939310
3.8785530 9.4954300 3.2520220
-6.1511220 1.2373565 4.3062680
-6.8145120 1.2748676 5.0148970
-2.0616710 1.8237588 -1.4299100
1.5137190 1.1571495 3.7031980
-5.0718270 1.5276300 1.1816680
3.0168690 1.0048686 3.9404710
-8.7426500 9.5469530 4.0312400
-6.0010390 1.4284463 3.5449690
-5.8603310 1.4637237 3.3808800
3.2411650 9.3736150 4.0890240
-7.5917780 1.4997690 -1.6842050
1.8596570 3.5293940 -8.6782200
1.7209800 3.5259400 -1.4685160
4.4326540 9.0818120 2.2097520
3.8335910 3.8830830 3.0938100
2.2192920 3.6775320 -2.0919300
1.9636020 3.8234010 -1.2507670
2.3682120 3.9762540 3.7148760
4.6693280 4.2465320 6.5649500
2.1621110 3.7657240 -4.7021600
1.6638610 3.8196090 -1.9884930
-9.0253980 1.1366307 3.7720210
-9.0593870 1.1373094 1.0276770
-6.2541690 1.7679461 -5.7821820
-1.1091940 1.7992082 -2.5996430
-6.2263130 1.5219935 -2.2578880
-4.2276760 9.4982570 -2.2562420
4.3293410 4.1864140 2.0634400
4.3779590 4.4530720 -1.2622500
2.1696990 4.0427270 -9.4629500
-1.1183700 1.6450000 -1.6151690
-6.2372570 1.5313041 -2.8997120
-9.2489300 1.7725850 -2.8270200
4.1477400 8.5509410 -9.1575000
-8.1268710 1.0879438 2.9440660
4.9575680 4.3815900 1.4582960
5.2987960 4.7747690 5.0420000
2.1977540 4.2855330 -1.4536230
1.8505700 3.8294100 -1.7136500
-3.5100500 1.5203437 -1.3279000
4.8749130 4.5265000 2.3023500
3.1912900 9.9870060 -1.4620980
-1.4222520 1.6167426 -1.3349060
-4.8663640 1.3638523 6.8063900
-9.5837200 1.7426102 -2.8390760
5.2801850 4.6539940 1.0427720
5.1433800 4.8485200 1.0401000
2.3911240 9.8021670 -2.0807290
2.4567060 4.4130110 -1.0820840
2.0356810 4.3662400 -2.0456280
-2.1882420 1.1087418 -1.9695320
-5.3831800 1.4981693 2.5066610
5.4114210 4.7773090 1.7484000
5.6730570 5.0515740 1.0627080
4.5941820 4.8138820 -3.8715700
-8.3817760 1.1109094 2.8524490
2.9207770 4.7450250 -8.5081800
2.8454920 4.8067390 -1.2847240
2.6637260 4.7607100 -1.6427740
2.2040110 4.4992500 -1.7528500
1.9120080 4.7167750 -2.2114680
-1.5782200 1.0072957 -2.3724130
-6.2514170 1.7213119 -5.2788100
-6.2345600 1.4745498 -7.6600200
4.5598180 8.8151720 1.3124070
-4.9422610 1.4283525 8.9728300
-8.2761860 1.1162341 4.4221460
-5.2166220 1.5013661 1.7448750
-6.3616740 1.4801371 -2.0170260
-5.1492690 1.3796388 2.3662180
-6.1517580 1.7517449 -6.0631700
5.6524870 5.0125660 1.5564490
5.5257900 5.1416260 3.2062600
5.0318130 5.2786370 -3.4166300
-6.2681950 1.6744086 -4.5713890
5.6520150 5.1179900 1.9940560
5.6907980 5.1578130 7.2538300
5.2854160 5.1898670 -6.2070000
-3.8921140 3.3767390 -2.9042560
2.9740700 5.0324690 -1.3990860
-6.8796190 3.5117720 -5.2067400
5.8826020 5.5503780 1.8647920
-2.6160570 1.2309988 -4.4735500
-5.3341960 1.4401200 2.4261390
5.8177390 5.2821320 1.5182420
5.9798140 5.6840180 1.3342730
5.4549870 5.6044630 -6.6158000
2.6775460 5.1423450 -2.0234060
-8.6960400 1.7291588 -2.6708770
-7.7039560 7.1967020 2.6405070
-6.3069890 1.5897471 -4.2951850
3.5706690 5.6083040 -8.9993300
3.2600380 5.3707520 -1.1006150
2.9739960 5.2538430 -1.6224950
5.9238530 5.6362780 9.4530800
5.7421750 5.6012210 4.0245600
2.9062990 5.5210580 -1.8042060
-1.7224410 9.5214090 -3.2085300
-8.5911380 1.0968787 7.6582400
6.0594930 6.1677210 1.5591560
5.9531640 6.0504600 5.8397000
5.7306470 5.9944620 1.8886400
3.8829380 5.9839830 -6.4252500
3.0662770 5.7300390 -1.6518370
-2.7762070 1.2068537 -9.0152900
-8.8194590 1.0314633 1.7509020
6.0778800 6.1646560 1.0463990
3.5915080 5.9916380 -1.1966510
2.4251860 5.6457470 -2.4254800
-6.1954390 1.6865320 -5.2621160
-9.0557930 1.1275994 1.6141030
-8.8469220 1.1124294 1.2679160
5.9558010 6.3099260 5.9471000
3.0940440 6.0518080 -1.8132720
-9.3575750 1.2474629 2.6213300
-9.3189820 1.2019919 3.7913720
-9.2296100 1.7314463 -2.4197660
-8.1739460 7.6861340 2.3313610
-3.6992750 1.5063932 -2.0372300
6.0093570 6.5693450 1.8533320
5.9837240 6.6423180 8.5139400
4.0706180 6.4475310 -5.5920300
3.4745940 6.3261340 -1.4646740
-6.1879660 1.6000450 -2.5806250
-7.6537810 1.5344875 -1.2898750
3.8111070 6.4811810 -1.1142000
3.1909340 6.4657050 -1.8473410
-8.3159350 1.4674277 3.0757900
-8.7055900 1.0562761 9.7651100
-7.1448330 1.8105301 -5.5478550
-8.5632110 1.2461094 -2.7335800
6.0728970 6.5806600 1.3974830
3.9909650 6.8171740 -9.5698200
3.4981790 6.7740790 -1.5683210
-9.1822030 1.2747346 3.6458650
-6.2425420 1.6366637 -4.9667290
-7.1168950 1.4740156 -2.7590940
-5.0364760 1.3715763 1.9526100
-5.0492650 1.4159899 1.6291740
5.9886670 6.8513050 1.6171610
-6.1406990 1.7268822 -5.8265750
2.4990740 6.5897320 -2.3568270
-7.4852750 1.4993112 -2.7752940
-6.2225690 6.0265200 2.0449290
-6.2001940 3.6435020 4.3918940
5.8374570 7.1186410 1.3072740
-3.6125040 1.2286688 -8.2927900
2.9216510 6.7850250 -2.0418570
-4.1681700 1.2575112 -7.0193300
-7.4226550 1.6437012 -3.8240340
-9.7845700 1.6928488 -2.4756660
-8.9577950 1.2078310 3.5229100
-6.2311930 1.6371109 -4.0623990
4.3514770 9.1519890 -2.6468100
-4.8434350 1.3754973 1.3244980
-8.9313160 1.3653006 3.0458750
-7.4230190 1.5652681 -2.5167090
3.7378600 7.3093410 -1.2635370
2.6321810 7.0240650 -2.3878680
-4.8023620 1.4426649 4.2498600
-9.2019580 1.1611534 3.5842730
-7.1305510 7.3899020 3.5969780
-6.2059290 1.5697807 -3.3784580
-9.7015300 1.6738863 -1.9360250
4.3342140 7.1676120 -2.2304600
4.1772460 6.9568020 -6.1596000
3.3505410 7.2809860 -1.7034800
2.9665000 7.1506830 -2.1282340
-2.9460160 1.5550263 -1.1914700
-8.6396440 1.0479356 5.9820600
-5.4910700 1.4662313 2.8438970
4.4203810 8.5204260 -2.1170500
4.3264350 7.5810540 -3.8843900
1.3096990 9.1126480 -2.9269770
-6.7069210 9.1144610 -1.7425950
-9.0821680 1.2276896 6.0998500
4.5620000 7.4684430 2.6073900
-9.3039800 1.2026416 1.1216820
4.4635590 9.2794290 1.7832070
-1.1243390 1.6457514 -1.8240780
4.5511190 8.6953050 3.8865500
4.6252720 7.7373870 6.9140800
4.0281640 7.2637130 -9.2881000
4.3218200 9.9486740 5.0153300
-5.1108270 1.4520219 1.4279480
4.4692980 9.2688550 2.2466700
4.3422540 9.1860370 2.4538450
4.0751360 1.0554729 7.5074100
-8.5613030 9.6277110 -6.6514000
4.0721470 7.8475530 -8.2130000
3.5538080 7.6062960 -1.4434750
-9.2736510 1.2073095 3.2692730
-6.2278520 1.5166598 -1.4672730
4.4960220 8.0942630 6.1119000
3.7814740 7.9698150 -1.3289630
3.3864490 7.8656690 -1.7632490
-9.1044280 1.4199862 2.1729630
-7.4004450 1.7818523 -5.3916320
-6.1768650 1.6067957 -3.4046350
-4.9747450 1.4112519 5.2937500
4.1065440 9.0460700 2.9888620
-7.2916360 6.5057400 1.8794620
-9.0949690 1.3895375 1.7371130
4.2879050 1.0093777 9.4753200
-7.2455480 1.7610676 -5.3535420
-7.5862940 1.5071299 -9.0209000
-8.5269820 1.0267793 1.3935600
-7.7025570 1.1396763 -4.6168100
4.6280880 7.8702020 1.4786330
4.2106910 8.1533160 -6.6690900
3.6523880 8.1991750 -1.6229590
-3.7420220 4.5428500 -2.4226790
-8.5148910 1.3965520 2.4808500
-6.3313300 1.6503258 -3.2895120
-6.1591410 1.5681572 -2.5945630
4.5918540 8.7036220 8.4236300
4.4631140 8.4178380 8.2665000
-4.4842870 1.4629393 1.7114800
-6.4124180 1.7953625 -5.8730420
-6.7070300 1.8072682 -5.6618620
-6.4793760 1.7885275 -5.5883250
-6.4371030 1.7296209 -4.9225660
-7.0381530 1.8071180 -5.3172590
-7.5269270 1.5232949 3.4374060
-1.6273090 1.2844514 1.6683610
-6.2116150 1.5600787 1.8034420
-5.6010790 1.5381662 2.5369280
-3.7277920 1.7289068 -8.6627000
-7.4158700 1.7987275 -5.0794750
-7.9039960 1.5537445 1.5141810
-7.2505530 1.5459529 2.9588830
-6.7738180 1.7728865 -5.0375960
-7.5346900 1.0021302 4.7488700
-5.9575620 1.5472401 2.6373250
-7.7382710 1.5346600 3.0894990
-8.1496670 1.5473104 1.9697340
-7.2223320 1.5896734 -5.4242300
-1.3708500 1.8491150 -2.5549550
-4.3465340 1.2451145 2.2518890
-6.9103650 1.5559479 1.6370800
-7.3748080 1.5539253 2.3491700
-6.8192410 1.7439828 -4.5365870
-6.0052850 1.5280350 3.2887630
-2.3459490 1.2615386 1.6613770
-7.2777220 1.7854465 -4.8208800
-7.6595580 1.7753227 -4.7118080
1.3906410 1.2790838 2.5110240
-8.6367510 1.0906537 1.1980640
-3.1358850 1.2140977 2.5971090
-4.9104590 1.3666879 1.9314030
-4.2930640 1.2928436 9.2700700
-6.5320350 1.5390322 9.1386000
-3.7606490 1.2422605 2.4313530
9.5078400 1.3041865 2.0715020
-1.7976800 1.3117283 1.6360660
3.6231700 1.3076791 2.1168600
-9.2674700 1.1701945 1.1889520
-6.5739720 1.5565338 2.6017600
-8.6561940 1.4249188 8.4326800
-7.0731530 1.5569959 6.9058200
-8.0840700 1.3030537 1.6872280
-4.4286250 1.2606625 2.0795220
-7.0222260 1.5143521 3.6718910
-1.5210690 1.8463639 -2.2057240
-1.7270750 1.8699602 -1.9977570
-8.3560950 1.5255943 7.6806700
-8.8130280 9.7540510 5.6788000
-8.8399240 1.3899000 1.0640660
-6.7780550 1.5614453 1.4276320
-6.5864600 1.2641717 3.0226390
-8.8746180 1.3625578 7.1477800
-7.7206730 1.5639950 -1.8972540
-9.3176480 1.1821016 2.3362360
-2.3506850 1.2672006 1.0996900
-6.6546650 1.7171115 -4.2127770
-6.9136000 1.7247836 -3.9013330
5.7180270 7.1107690 8.0307600
-7.5390870 1.7952824 -5.2402050
-3.1828840 1.2639115 1.0013410
-8.9888800 1.2952269 2.2026810
3.4325880 1.1193312 -2.2406500
-8.1414950 9.7100250 -6.8745800
-2.3298830 1.8324307 -1.7923000
-6.1641660 1.5582039 1.1099820
-8.8826450 9.0483320 2.1204700
5.8373130 6.8067590 5.7247600
-4.3045630 1.2785122 1.6842260
3.0835720 1.1554234 -3.1785500
-8.8631270 9.4881200 7.9337600
-9.1715140 1.1709957 3.0809400
-7.2083780 1.7499844 -4.1930320
-6.9540630 1.5308527 3.3865720
6.0078690 6.8129260 1.1454500
-4.0081060 1.2628381 1.9607250
3.2819930 1.1655625 4.4458600
-7.2823220 1.4510601 -1.5654680
-8.5270210 1.0551770 2.3290940
-7.6051320 1.1103825 -6.2722100
-8.6537730 1.5154801 2.5875370
5.5888480 7.2579250 1.0669650
-5.4642360 1.5522963 1.2612400
3.6729960 1.1116756 3.8670600
3.1501870 1.1725172 1.6855100
-7.8751550 9.5240290 -1.0600670
-8.9408160 1.4352815 3.0924750
-2.0891130 1.8595338 -1.5037360
-7.0863560 1.6136525 -9.7324600
-7.0919760 1.7136688 -3.2763750
-3.0771290 1.2564075 1.6594770
-5.4454180 1.5297699 2.2505190
-1.5539500 1.2754717 2.9232870
2.9130550 1.2027445 6.1117500
2.5725940 1.2122705 -3.6150000-005
-8.9318970 9.9546980 1.3418110
-7.5429500 1.7095605 -3.2879890
-2.8596020 1.1901156 2.9888170
2.1069780 1.2497756 1.0998100
-9.2240760 1.1816838 4.1201730
2.4094600 1.0016785 4.6938070
-5.6627620 1.5270606 2.9629030
-5.7264800 1.5506250 1.9322430
-3.6452070 1.2199869 2.7670650
-7.4108160 1.7355729 -3.7986840
5.1537130 7.3496690 1.2698700
-6.6096040 1.5532529 7.1561800
3.6102000 1.1266103 1.0491780
1.6715210 1.2689851 2.2331000
-8.0767920 1.4301400 -1.5312800
-9.1757600 1.4334588 1.7790710
-8.6824940 1.5280775 1.5521450
-6.5808100 1.6764344 -3.0558670
-7.8217340 1.6873975 -3.3564250
-7.2567060 1.4753230 4.1714090
5.8439960 7.0200810 1.7779620
5.6847560 7.2017160 1.7139380
5.4919390 7.3161610 1.5223590
4.7446900 7.3691410 1.2430020
1.2319360 1.2903768 1.3336200
-7.9790640 1.0351662 -6.6275400
-7.6655210 1.5509766 7.9686300
2.1747320 1.2118456 3.0878810
-7.5260490 1.4938613 3.9175980
-2.5919610 1.8272826 -1.3541090
-6.7983790 1.6974781 -3.1627490
1.6831110 1.2487146 2.8425580
5.4016490 7.2883850 1.8678010
5.0522750 7.3397910 1.6166890
-5.9582440 1.5623338 7.9209900
2.5343500 1.2374750 9.9818800
1.9262750 1.2689390 5.5552100
-9.0758520 1.4223375 2.6008130
-4.6548490 1.3320769 1.6889630
-2.4106950 1.8380887 -1.1544760
8.6784400 1.2894574 2.6156880
2.4919200 1.2983563 2.4847110
5.7345150 6.9482720 2.1153510
-8.5329840 1.5339912 2.0378290
3.2877320 1.1691463 9.2957500
2.4246630 1.2377758 4.8764500
-4.7765650 1.3301969 2.2874020
-6.3541830 1.6332115 -2.5912990
-6.6605200 1.6477375 -2.0670760
-6.8504220 1.6732018 -2.3959570
-7.2759160 1.6965906 -2.7013420
4.8206850 7.2698580 1.6994630
-2.7383180 1.2324257 2.1658860
-4.5077500 1.3124443 1.1145770
2.9253150 1.2057701 1.2299330
1.3677610 1.2967262 6.9327400
8.4210900 1.3090986 6.2754400
9.6836000 1.3064303 2.5865900
3.0802000 9.8307360 5.0535640
-5.2420170 1.5310101 1.2927370
-7.0359720 1.6906988 -2.6144260
5.4359390 7.1467260 2.1381250
4.5161440 7.1030380 2.2530690
1.9320440 1.2738348 1.1296310
-9.3281210 1.2691094 1.3505010
-8.7405060 1.0593990 1.3645920
-2.2851640 9.0635040 5.2280460
-6.2099370 1.5406697 3.0837360
-4.5851560 1.2072981 2.7665040
5.0781670 7.2155170 2.0680180
-8.9607270 1.3971105 2.9308560
-5.3323050 1.5273520 1.6213860
-1.5227080 1.2784878 2.1545200
3.3663540 1.1574212 1.7181290
2.4000260 1.2468761 1.5517930
-8.4166840 9.7756820 -3.2761900
-3.6223590 1.2777519 9.8501500
-3.9189580 1.2828193 5.0346300
-3.3674050 1.7774449 -8.1799500
-7.4488620 1.5649443 -2.5954600
-4.6755620 1.3284294 8.1212800
-8.4970410 1.5322309 1.2654460
-1.0866210 1.2691699 2.7575440
-3.1074000 1.3072898 5.6428500
-8.8760540 9.7037440 2.1079040
-6.4811320 3.4530640 1.5508440
-6.4300260 3.5086450 2.4272050
-6.6727020 3.5895770 3.3849430
1.9838510 9.6518890 -2.2785880
-3.8670510 1.6070199 -1.2357760
-7.6890090 1.3041906 -6.9570100
-7.2539730 3.5399270 7.0298800
-6.9209050 3.5454810 1.2042140
-6.4160810 3.5900770 1.7687570
-6.6804150 3.7377740 3.3296290
-6.2928350 3.9061660 4.2707680
-7.1752230 3.6789350 8.6966700
-6.5171380 3.7289500 2.5953770
-6.6392030 3.7712350 2.9621950
-6.4558720 3.9639900 3.9411530
-6.0145790 4.1202050 4.4293830
-6.0318430 3.8442990 4.5245950
-3.6756310 8.8663360 -2.3868800
-3.9494750 3.7551570 4.2870900
-7.2016030 3.7572700 3.9789400
-7.1693630 3.9461000 6.0145000
-7.1165950 3.9366310 8.1142100
-6.9000300 3.8467710 1.0768900
-6.7253420 3.8142160 1.3533960
-6.1125670 3.7790050 1.9710900
-3.9179680 4.2406740 4.1476070
-3.5145960 3.8585920 4.7732690
-2.8950940 3.9285940 5.3309090
-1.8223900 9.7494570 4.6847940
-6.6916260 1.2278907 -8.9077400
-6.3754640 3.8250120 1.6593500
-6.4415760 4.1283840 2.8243480
-8.5856340 9.7025390 2.7414960
-3.7501130 4.0221900 4.4296550
-3.4333970 4.0923630 4.8425810
-3.1172890 4.0294330 5.1312460
-6.9997320 4.2073080 6.6897800
-8.0379330 9.7800660 3.3645750
-2.6273160 7.7631160 4.8356180
-3.7501450 4.2736690 4.2988400
-2.6177500 4.2498930 5.3315220
-6.9637250 4.1881270 3.1825800
-6.7156510 4.1972860 1.0240940
-8.7405510 1.0205209 2.2020360
-2.3944380 7.8800140 5.3534730
-6.0902360 4.3429500 4.2678530
-3.1217880 4.3847510 4.9780920
-7.5729440 1.0354026 3.6070970
-6.2425320 4.1885720 1.4646770
-6.1051660 4.4392230 1.2421940
2.5855060 8.9610660 -2.2701840
-7.7644960 8.2214940 3.5797660
-6.0381270 4.5921420 4.0088740
-2.4982010 8.1777650 5.3421060
-3.4453850 4.4563960 4.5422990
-2.9842910 4.6782280 4.7746920
-1.5119580 9.9930020 4.4500270
-6.7306470 4.4176830 7.5958300
-5.7852990 4.6444500 1.1062610
-5.1815260 1.6392582 1.7488800
-5.5174130 4.8383880 3.8517780
-7.8849150 1.1867375 5.0622870
-2.7229070 8.7991480 4.7909730
-7.5536880 1.5977062 -1.0438650
-3.6151280 4.6505140 4.0740900
-2.5439220 9.0677870 4.8852330
-8.0050370 1.1670406 4.8762460
-5.2513640 4.7577880 1.4858440
-3.2043560 5.0461830 3.9341520
-3.1487770 4.6930210 4.5253210
-2.0321500 9.3999570 5.1588540
-7.2145040 9.1556450 4.1494780
-5.3644200 4.9358170 1.2201850
-8.2403890 1.2186563 4.9365030
-4.9754420 4.9738300 3.7037110
-3.2332060 4.8672840 4.2523960
-2.3122950 9.4515900 4.7358870
-8.6347140 9.1722090 2.6811080
-5.7713110 4.8717820 7.2765100
-8.6970360 8.8912090 2.4879860
-9.2237750 1.2488519 4.0786530
-1.5862800 9.7021620 5.0139360
-2.7720040 5.0502090 4.3340720
-8.5918770 1.4263412 3.9849810
-7.5097360 9.0073560 3.9581000
-8.9430840 1.4730552 2.7694960
-5.3288350 5.1925760 1.1730350
-5.0168720 5.3462260 1.6255440
-8.5986050 1.4670902 3.4827030
-6.9937250 8.6076860 4.2175690
-5.0399320 5.1831330 3.4037400
-8.3298980 1.4960772 3.3740890
-2.9174820 5.2264530 3.7637320
-8.8763730 1.1944938 4.6560090
-7.7693460 1.7367969 -4.1478670
-8.3418140 9.4127440 3.0898450
-5.6067510 5.3470630 7.3718200
-7.8935630 1.4817228 3.9463070
-6.7902770 8.7817230 4.3526990
-4.4111240 9.2883990 -2.2373210
-8.6605100 1.3226807 4.6783020
-9.2654280 1.2084025 4.1629650
-5.0887310 5.2727900 1.4455790
-4.9763410 5.6241200 3.3624250
-8.9771330 1.2904861 4.3022990
-2.8054240 5.4551030 3.6786850
-2.5867080 5.6689210 3.9182240
-8.3702200 1.2226381 -3.7301400
-8.1455470 1.3012213 5.2117660
-5.1458550 5.5878150 1.5900350
-7.8597700 1.7441574 -4.6607580
-5.2909820 5.7043070 2.0988410
-5.2978500 5.9553770 2.6211920
-5.2130640 5.6302970 2.6672460
-4.7714500 6.1944520 3.6705820
-8.3539790 8.1169560 2.7014070
-1.8340000 5.7489970 4.9763020
-8.0069810 9.0586130 3.4593070
-8.3812250 8.6337700 2.9223270
-5.5436650 5.9420250 2.3018970
-8.2227680 1.4513771 4.0600080
-2.4187580 7.2269150 4.7681090
-2.5353150 6.2567200 4.0642170
-9.1132110 1.2282100 4.4115160
-4.6076290 1.6819719 7.3744000
-8.7829280 1.4351461 3.5707670
-8.6990640 1.3812326 4.2316550
-1.5715900 6.0822970 5.2365440
-8.3803580 1.2561100 5.0440490
-6.2786680 1.1274190 -1.3605440
-8.1033840 8.4698180 3.3106400
-8.8563540 1.1624535 4.5392840
-2.0268380 6.2266810 4.8212120
-1.2619630 6.1635030 5.4424080
-7.0491190 8.1818160 4.0609890
-8.3882520 1.3331465 4.9113540
-5.6560350 4.8355540 3.6607050
9.9444900 1.0919723 -1.9472810
-5.5928250 3.5917310 4.6376100
-7.6003260 1.6361344 -1.8021110
-8.3798850 1.0290691 2.8038330
-8.8252110 1.2692730 4.6141300
-7.9126720 1.0619883 3.2050700
-8.8206230 9.4485700 2.3744010
-8.9110330 1.3851394 3.7658780
-1.9321360 9.2123890 5.3820650
-5.8265630 9.0926390 -2.0948690
-2.7046310 6.7014450 3.9672140
-2.1416300 1.7977662 -2.1732520
-7.8240000 1.0924112 -2.2185670
-2.3988340 8.5995590 5.3716430
-6.0483580 1.5567975 4.3343800
-8.6389150 1.2168475 4.8412440
-7.4084360 1.4987744 -3.2610050
-2.0580600 7.9572500 5.6013880
-8.3837500 1.3927865 4.4893850
-2.2933960 3.5632910 5.2865490
-8.6153620 1.2735612 4.8563960
-6.5728590 1.0709818 -1.4317670
-2.1481090 7.4194460 5.2857680
-7.6423900 1.5736285 -9.0354600
-7.7216010 8.5594880 3.7420770
-8.4150830 1.2955013 5.0483700
-8.1221440 8.1003250 3.1255840
-8.1704000 1.0167226 3.0939660
-8.6252730 1.0106846 2.5413770
-8.0944970 1.3903572 4.7359080
-7.8908350 9.4830900 3.5435500
-7.3440160 9.5412600 4.0210650
-5.2675780 8.8220740 -2.1886300
-7.6440670 7.7511060 3.3748300
-2.1791140 1.0658035 -2.2327000
-8.8360940 1.4996706 2.6044170
-2.4078870 6.7906700 4.5178370
-2.0018090 6.7569300 5.1565340
-8.3577750 1.2052625 4.9177500
-1.4655950 1.7456543 -2.5972690
-2.7395940 8.4108300 4.8745680
-4.1933580 8.8463400 -2.2126350
-3.1693900 1.0261265 -2.2352310
-2.7890200 1.0440703 -2.2830920
-7.3790400 1.2016662 -7.8851200
-4.6124160 1.0506369 -2.0457580
-2.7412650 7.3269450 4.2641380
-4.5532880 3.4736480 -2.1363200
-4.4993030 3.9017010 -2.1097830
-4.6462610 3.6800270 -1.7778710
-8.8366460 1.1361863 5.8227800
5.1746240 7.2897250 9.0647400
-7.0385250 3.7450300 -9.3190000
-6.0923170 3.8621820 2.2468850
-7.7696720 1.7027889 -4.3117910
-4.3793210 1.6955506 -7.3026400
-7.7587180 1.7717875 -5.0221090
-4.0541880 3.8886010 -2.7364950
-4.4215850 3.6131460 -2.4252210
-6.6634880 4.0430310 -5.0180700
-6.9242120 4.1474050 1.9289000
-7.5640690 1.5930400 -2.6908460
-6.3087030 3.9614170 2.5181560
-7.2303020 1.5186699 -4.1544310
-4.1051490 4.1528620 -2.4061000
-4.6990580 3.8892380 -1.4016920
-8.9559690 1.2851666 4.5457500
-7.6987340 1.5369375 -2.2970800
-7.0121670 1.6882633 -5.1173650
-6.4792610 4.1724530 3.1616900
-4.2148060 1.2409627 -9.5602500
-4.8069700 1.2493027 -8.4076400
-4.2150480 4.3343970 -2.1508710
-6.7315160 4.4034000 1.5741800
-7.3386640 1.5463418 -2.9943830
-5.5352770 4.2936210 1.9135490
-6.0067770 4.1419500 2.2953280
-6.5488460 4.0937780 3.5315470
-8.0066400 1.5039650 6.0518000
-4.4031300 4.1949070 -1.7993960
-4.5186510 4.2453420 -1.4193620
-8.3109430 1.0265445 -3.2933400
-6.5472800 4.5627570 4.5575400
-7.5427730 1.5201213 -1.4393690
-5.4473420 4.5937510 2.3612600
-6.2464100 4.3722000 2.8493310
-6.2832600 4.5182750 3.4622890
-6.3538130 4.3524020 3.7974010
-6.0255260 4.4749620 -4.1316200
-6.3242050 4.5549700 4.8428000
-6.2249430 4.6540050 7.1903500
-9.1003650 1.4885725 2.1507030
-5.7094130 4.5996540 2.6865280
-5.7276490 4.7299580 2.9889950
-3.9519900 1.7385855 -7.5752600
-8.9641110 1.3841920 3.4141800
-9.2601430 1.3018652 2.5183580
-9.2280860 1.2762053 2.9751670
-3.3957310 4.1025060 -2.9660250
-9.0199540 1.1657506 5.6754900
-5.8515890 4.7731310 2.1246000
-7.1723560 1.4617438 -2.1567820
-5.2389820 4.5449130 1.7686300
-5.9414350 4.7277990 3.4172420
-5.7520620 1.5877600 4.1621200
-8.0959140 1.0926674 -2.0189900
-5.1904000 4.6100060 1.9421290
-5.1830050 4.8568730 2.1647030
-7.7650400 1.5658012 -1.6599150
-3.7416450 4.7682130 -1.7147280
-7.8876110 1.5347012 3.9875800
-5.7635420 5.0425540 4.6108400
-5.2625440 5.0434620 2.9046740
-5.2998720 4.9169020 3.3967600
-7.3502600 1.6871934 -4.4791800
-5.4420720 4.7836520 -5.9186900
-5.2312740 5.1085350 2.4485690
-7.9129930 1.6736568 -3.5506230
9.4115700 1.2350285 -9.8291000
-3.2715700 1.0896631 -1.8941410
-3.1133380 4.9607260 -1.9406940
4.5997330 6.9814450 3.0143300
3.3525460 1.0966209 -6.9894800
-5.5047160 5.2767560 -3.9461300
-5.6897890 4.9655570 -1.5319000
-5.0290500 4.9098930 1.7164780
-5.0595170 4.9923270 1.9174130
-5.1887420 5.3324670 2.8705560
-6.7684480 1.6533627 -5.5466400
-3.0271440 5.2106080 -1.7676140
-9.1087300 1.1141669 -2.0543230
-5.7069360 5.4424380 2.3395500
-3.2748380 1.7759875 -1.1627470
-2.9009580 5.1265290 -2.2175780
-3.1383130 5.1791310 -1.3886800
-5.5673960 5.6983850 -3.3510400
-5.0916050 5.3813610 1.9753140
-8.8875380 1.5169443 2.0086580
-7.7153050 1.7378676 -4.7867620
-7.8577770 1.6420639 -3.1825860
-2.7545910 5.4021570 -2.5147390
-5.4463660 5.5357450 1.0326840
-8.7041410 1.3058932 9.1161000
-9.0009340 1.3278082 5.9220600
-9.2232620 1.3195400 1.5430650
-4.8639980 1.6472475 -5.0591500
-5.4066480 5.9959350 -7.5992200
-5.7434090 5.7683500 8.7259700
-8.6794730 1.3850688 4.5575900
-9.2989530 1.3092307 1.9919290
-9.1282030 1.3311897 2.4688630
2.1815020 1.1770533 -1.0015300
-2.9647120 5.8104260 -2.1311320
-3.1289530 5.5208570 -1.4387840
-5.9002160 5.9234620 2.6140800
-9.0241700 1.3575994 1.4149160
-6.1569420 1.7084875 -6.1679170
-6.6070180 1.6557822 -5.8644080
-2.4539930 1.8005865 -1.8726950
-1.6131750 1.8298848 -2.6037190
-3.0809390 5.6998040 -1.7835020
1.0464280 9.6180450 -2.5898970
-5.7491630 5.9530160 -1.0786100
-8.9146460 1.3650500 2.5952780
4.3714500 1.0391901 -2.1515100
-9.0377040 1.3252490 3.1082650
-9.0795450 1.3855232 2.0562560
-9.4237710 1.2615419 2.2201450
-9.0336910 1.3119830 3.8138790
-4.5082610 1.2218447 -1.1569430
1.1348010 9.8243750 -2.3024250
-3.9227920 9.9184630 -2.1912720
-6.5509530 1.5857325 -5.5600270
-7.7409510 1.6260515 -2.0754580
-4.8580010 1.6689211 -2.5256100
-7.6922910 1.5351394 -9.0785600
-6.7750580 1.5734825 -5.3982110
5.2906410 6.5230450 -5.1112000
-2.9054820 6.1084120 -2.4918230
-3.1066920 6.5058860 -2.2751080
2.4249720 1.0266151 -1.8313830
-5.5473660 1.6050213 1.3763500
-6.6642850 1.6040875 -5.6842680
-7.8200320 1.6073213 -2.3999690
-1.8320680 1.1968625 -1.1110660
2.1712970 1.0956342 -1.5081090
-6.8382640 1.5980248 -5.4208800
-2.5445620 6.0208550 -3.0864700
-2.6540330 6.5084000 -3.1664870
-2.8425710 6.2199610 -2.7938500
-3.2605750 6.1264600 -1.5453010
-7.0872290 1.1611638 -7.9563700
-6.9780530 1.5938570 -4.9418240
-3.0324870 6.7694720 -2.7654950
-3.2977370 6.6365180 -1.8385530
1.3533490 1.0255388 -2.1579310
4.4408530 6.9758860 9.4765000
-2.1999000 1.1215881 -1.9658660
-7.2028500 6.7046610 -7.2256000
-7.8699630 1.7313910 -4.2720470
-8.3211970 1.5072131 4.2128500
-8.7439060 1.3374875 2.3974700
2.6348020 8.4562230 -2.3151710
-7.4901490 7.0419350 -2.2854300
-5.4576350 9.1562950 -2.2098700
-7.3242520 1.5231332 -3.5703520
-7.4550960 1.7218738 -4.7551010
-2.8680680 6.8283500 -3.0610160
1.7372900 1.0246037 -2.1487700
-8.1257430 7.3025200 7.1020400
-7.4982300 1.5407794 -1.8974470
-9.1556500 1.3196262 1.0638150
-8.2448000 9.5165120 -3.2056320
-7.7618830 7.3999130 -5.3263500
-7.9858790 7.2755040 3.0420200
-8.1627470 7.3470610 1.1161690
-7.3679290 1.4785987 -2.0236290
-9.1309820 1.4848588 1.6270070
-9.0850140 1.4625613 1.4809050
-6.8543890 1.7513008 -5.7187900
-2.7253960 1.0747453 -2.1279680
2.1443580 1.2273826 -2.9316700
-7.9061200 7.3724300 -8.4521000
-8.2063500 7.5993670 1.7615500
-8.3736580 7.6771840 8.9586000
-9.0205720 1.4947775 1.3035090
8.4818000 1.1670025 -1.7337090
-7.4577550 1.5164041 -2.8647990
-2.9087460 7.2924630 -3.3354470
-3.1184020 7.3989530 -3.0339870
-3.2606620 7.1955620 -2.4866580
-8.0575990 7.6607800 -2.9879400
-8.9491020 1.4392581 1.2488490
-7.7388410 1.4656426 -4.3543000
-7.2896160 1.5834962 -3.4109420
7.1346500 1.1468229 -1.8345640
-3.4502610 7.6130020 -2.2373150
-8.3890740 8.0789530 2.2951400
-8.3740480 7.7240270 4.6673300
-8.6204620 8.0930750 1.0535420
-8.6061500 7.9931100 1.4440780
-8.1542760 7.7950660 2.6727280
2.6666170 1.1268609 -1.0509540
-7.6041430 1.5663068 -2.1420480
-9.0012110 1.5083344 1.5752740
-7.1156510 1.6335125 -4.5360530
-3.3210960 7.6873190 -2.7708380
-7.3263090 7.9983830 -1.3749940
-7.9285950 8.0048830 -7.0125500
-8.6034510 8.2645720 1.9542680
-8.4335410 8.0729950 2.2180460
-7.1351460 1.5727092 -4.2183090
-7.3548450 1.6120822 -3.5288420
1.6732620 1.0991230 -1.7020040
-3.0978770 7.7020860 -3.2816490
-6.2359240 1.7544824 -6.1485990
-1.7587870 1.1491318 -1.7205040
-8.2354050 8.0876320 -2.4038900
-7.8578910 1.4050129 -4.6031000
-2.8931080 7.9247620 -3.5049800
-3.1225710 8.0413100 -3.2182320
-3.3258680 7.9621670 -2.7146060
-4.4697400 1.1791537 -1.4725860
-7.9723740 8.4226660 -8.7608600
-8.5042160 8.3817830 -7.7640000-005
-8.6776400 8.4344860 1.2419030
-8.6674670 8.2665010 1.5174340
-8.5106250 8.5176580 2.5679440
-7.6975760 8.2935940 -1.1450630
-8.2776390 8.3430890 -4.3687000
-8.6180440 8.2572150 6.3639000
-9.1160820 1.4144362 1.5673910
-7.4638800 1.4398484 -7.1504600
-8.3448500 1.3393299 -1.6873200
-7.5804700 1.5134475 -1.9881200
-7.4924140 1.5273013 -1.9397440
-5.2314440 1.2159646 -1.0798060
-3.0734050 8.5427560 -3.0506670
-3.2590560 8.1942660 -2.9100210
-8.6454830 8.6940490 9.1667000
-1.2501820 1.0634409 -2.2360190
-8.8585880 1.4605869 9.8780000
-8.5609750 1.4712513 6.5981100
-8.7511210 1.5061504 1.0152460
-6.0113540 3.5550440 4.4907580
-8.8284200 8.6869110 8.1029200
-8.8812560 8.7765490 1.4226540
-8.8001070 8.6626430 1.5466680
-8.6991110 8.6444700 2.2420950
-7.4609990 1.4727815 -1.4172380
-3.4707910 8.4035880 -2.4302260
-8.4964900 8.9962540 -3.0068000
-8.8091450 8.7741580 4.8489900
-9.1490470 1.4543178 2.2277220
-9.4380420 1.2183919 1.7904340
-2.9164530 8.5393440 -3.3666780
-3.0557790 8.8625920 -2.7550670
-7.7770550 8.7844840 -1.1694810
-8.0728260 8.8204150 -7.8003100
-8.3272540 8.9476690 -5.6502900
-8.9398710 8.9539000 1.1645550
-8.9698390 1.3971257 1.3774760
-7.7134890 1.5151225 -5.5823000
-5.1121410 1.6374125 -2.6640500
-8.6442960 1.2767438 -1.4864100
-6.9605590 1.5490763 -5.0188670
-8.7265180 9.2110030 4.2059000
-8.9086250 9.2377120 1.0569860
-8.9612340 9.1599880 1.7812280
-8.2732460 1.4196856 1.2529100
-7.2618370 1.4368135 -1.0987100
-7.7677230 1.6610992 -3.6777320
-1.5078060 9.3863440 -3.4317310
-7.1057280 1.5476885 -4.5778530
-9.2331920 1.2523886 9.1589500
-7.6046700 9.1037250 -1.3643150
-8.2942810 9.3291700 -6.1856300
-1.0411170 9.4592340 -3.3784850
-2.9331140 1.1476230 -1.5844640
-3.7218250 1.1594244 -1.5173050
-1.2429920 1.0286006 -2.3822480
6.6509600 8.8144500 -3.2945810
-6.4119900 9.2876210 -3.4817640
1.5800150 1.1996558 -1.1415630
2.9102740 1.0247506 -1.5768380
4.2080690 6.3480630 -2.5405300
2.8723120 9.7943220 -1.7497350
-1.9987640 1.0278313 -2.3392920
3.3748350 8.3644140 -1.8630450
-1.8685680 1.8689625 -2.0248700
6.4154900 1.1790181 -1.6282740
5.6305210 6.7769910 2.6525000
-5.3608300 1.1289400 -1.9613290
4.5769430 6.4628800 -1.2166100
-1.0090870 9.8229650 -2.7731360
-6.0458520 1.1755645 -1.1354580
1.2933940 1.1887250 -1.3979370
1.5235680 9.4977900 -2.4437140
-3.0892950 4.7409030 -2.4954000
-1.7766190 1.8572344 -2.3049280
-1.3034890 1.1002855 -2.0161170
-7.1206550 3.8608570 7.7218000
1.7904800 1.0627709 -1.7729250
-3.3623490 1.1840428 -1.1927480
-4.9906840 1.1788332 -1.4402480
-6.6878100 1.1747209 -1.5359280
-1.5451470 1.8597600 -2.4795870
-3.0603900 3.8038460 -3.0123840
-1.3220270 1.8397188 -2.7519460
-4.7859450 1.1162729 -1.7482120
-1.3098990 9.0776040 -3.6659270
-6.3117340 1.5425437 2.9730400
-5.5139750 1.1051601 -1.7672740
-1.1096770 1.8202324 -2.8042450
-2.6568900 3.4695830 -2.9113750
-6.6396600 1.0222209 -2.3519320
-5.6996400 1.5741713 6.0244000
1.9076550 9.1870620 -2.4890230
1.3473090 1.2429893 -6.8361400
-2.1730490 9.8410960 -2.4306850
-1.7142170 9.8057460 -2.4924330
-5.8698110 1.5137318 -6.5801000
3.5641100 1.2764883 -4.4672400
-8.5369800 9.9921220 -2.4351070
-1.2171980 1.8125102 -2.9061170
-6.1113980 1.5305212 9.9983000
-2.9570620 1.1713871 -1.3675530
3.0530110 1.1221207 -8.1860600
-3.1714100 3.5111530 -3.0658990
-1.3691130 1.7914707 -2.8126410
1.1620840 1.1548972 -1.6385680
-6.1993570 1.5028063 -1.6297100
3.6684020 1.0099570 -9.8485900
4.8512670 7.1798180 6.0005000
-4.6583000 1.1983662 -1.3610580
1.6747170 9.0113950 -2.7127190
6.9832400 9.7730080 -2.4800310
-4.3226830 4.6263570 -1.1771730
-8.3562500 1.1373600 -1.8239810
-1.2354410 1.1556773 -1.6486930
4.6834470 7.4354100 1.0139500
2.5319170 1.0931725 -1.3579660
-4.2459500 1.1392482 -1.6188050
5.7744640 6.4158440 2.6277600
-5.9710530 3.6535780 -9.4949000
-3.2078400 1.0962100 -2.1523850
2.7020740 6.1345700 -2.2292060
7.1030200 1.0191162 -2.1230990
-3.8225680 1.2465525 -7.3257400
2.5941540 1.1576352 -8.2193900
-6.1297960 3.3900220 -9.3216600
-5.9466670 1.4743956 -1.8885400
1.0506610 1.0087700 -2.2109510
3.3081340 1.0273382 -1.2787210
1.2517840 1.0475378 -1.9915960
2.3087990 9.3998720 -2.2210680
3.1555430 9.2484730 -1.8204280
6.2723100 9.9910370 -2.2296890
-4.0917240 4.6121780 -1.7942580
3.5407360 9.8188850 -1.2008970
9.4135900 1.2121902 -1.2937780
5.3735190 7.2027350 6.8010000
2.5620340 1.1880719 -5.0330800
-3.8150260 4.2466610 -2.6893990
-2.8212410 1.1116862 -1.8001930
-6.0253590 1.4339100 -3.7906300
1.9016880 1.0401450 -1.9333120
7.5446700 9.1682150 -3.1643140
-7.0760800 1.2240119 -1.1364410
-1.9047500 9.6562130 -2.7579900
-1.6953390 1.0669256 -2.2002990
-6.7307000 1.0119875 -2.2857770
-9.0179300 1.2528031 -7.7912000
-6.8136180 1.8006113 -5.8816050
-2.3600190 1.1513818 -1.5577390
-5.9831220 4.2842260 -6.6469100
5.3124070 5.9012380 -2.8853800
-3.6931840 3.7107370 -2.9714170
-5.6215140 1.4139213 -2.8027300
3.6695880 1.0372844 -7.9621500
-3.5885070 1.2040038 -1.0640470
-9.3569500 8.5423730 -3.8112540
-6.0127340 1.2041391 -9.3791100
-3.9842790 1.2156113 -1.1570310
2.8322200 1.0847957 -1.2623390
-1.8733500 1.1593910 -1.7169430
3.8648150 9.0153340 -1.2549680
-1.7359200 9.2244170 -3.4310460
5.0000820 6.1612070 -3.4649900
5.5858960 6.2910170 6.9037000
2.0461520 1.1515372 -1.3103780
-1.5165840 1.1798075 -1.4465520
-7.0859540 7.1510150 3.3895100
2.2674030 8.6606050 -2.4925490
3.5358840 8.7438890 -1.7109050
1.8400920 1.2145507 -7.6804200
-2.5425900 4.1421010 -2.9204830
-8.2085100 9.6777440 -3.0809780
-5.6810660 3.3873940 -1.1166310
-3.4588640 4.4744960 -2.7122900
-4.0251680 1.1827531 -1.3674080
1.6387020 1.1402346 -1.5496900
4.2635280 6.0797460 -3.4583700
-5.0687200 3.5935870 -1.2380790
7.3446800 9.4509570 -2.9683220
-1.9706700 9.2917340 -3.4636880
-1.2083040 1.2219229 -9.7120900
4.8805930 6.8457810 1.6952900
-3.0869700 9.8402500 -2.7403170
-5.3198790 1.3672896 -1.6580500
-4.7290060 1.3055355 1.6909100
4.4651700 1.2044039 -1.3931400
-2.3850100 1.2290534 -1.0382460
-2.4833330 9.5858030 -2.5162110
-4.2296900 3.6291920 -2.7253600
-5.4388260 1.3404922 -3.9920400
-5.0539380 1.3336659 -1.0872200
2.6040300 9.6942660 -2.8407060
-7.8163100 1.2821209 -1.9430400
6.5111700 1.3002517 9.2881000
3.4742860 9.2274140 -1.5654590
-6.7787700 1.8088887 -5.8191050
-3.3715410 1.1151566 -1.8078440
4.4630400 1.2427294 -9.4291400
-2.3370170 9.3392760 -3.2031820
-4.8982070 1.2980647 -1.3229400
-7.8164000 1.2822918 -3.2490000
2.4960400 8.9857600 -3.3628450
7.4553300 1.1196790 -1.9554260
2.8791140 9.1157340 -2.0370210
-5.3590150 1.2437450 -7.3470400
-4.7743630 1.2064432 -1.2812990
-1.9616230 1.2109197 -9.5487700
-6.5047370 1.7999148 -5.9758600
-5.1704160 3.7620360 -1.1763450
-5.2124270 1.2929832 -4.1187000
-4.5334450 1.2891494 1.5819100
-3.0471200 1.2919453 -1.0688000
7.2129600 1.2721957 -5.2073700
1.1669320 1.2720154 -3.1850900
5.3056400 6.9708830 3.1291400
-6.3021150 1.7810951 -6.0393570
2.8204800 6.4391270 -2.0698040
3.4400180 1.0503000 -1.0224920
3.0975190 1.0790250 -1.1058430
-4.8984390 1.1480518 -1.5966690
-3.2821710 1.2300500 -5.9088300
-5.0792860 1.2716487 -4.8183200
-3.5301670 1.2547815 -3.1542800
5.6455250 6.9951490 4.9191700
-1.6240450 1.2512177 -3.6499700
-1.6970400 1.1119793 -1.9586410
-5.4088120 3.9781210 -1.0544680
-3.4190490 4.7514010 -2.2301500
1.3699090 9.3914220 -2.6427690
8.8000000 9.9234930 -2.4355670
-4.6459460 1.2723953 -4.8843300
-4.1735500 1.2687599 -4.1742000
-2.1000480 1.2313643 -6.1190100
-1.2130450 1.2572568 -5.2007900
-4.3822400 1.2640753 -6.9495200
1.4085700 3.4781990 -2.3265200
-1.4846200 3.5070930 -2.6071900
-2.1399500 3.4795120 -2.7958820
1.2009220 3.5961900 -2.1735750
3.8249200 3.6129220 -2.3878090
-5.1139560 9.6617580 -2.2095120
-5.4813320 9.8102480 -2.1425370
-2.7597040 1.6979824 -1.8170420
1.3359870 3.9377410 -2.2496330
4.3919300 3.8674430 -2.4170290
-6.8478200 3.6444540 -2.5177120
-1.3280260 3.7699590 -2.6391810
-4.7672760 3.6116650 -1.3301210
-4.5590120 1.0853826 -1.8796680
-5.0095670 1.0990925 -1.8504510
-6.5766640 3.6469550 -7.2073000
-2.3455840 1.6824727 -1.8822880
-4.5918000 3.8404570 -2.5412870
-2.4954130 3.7441060 -2.9152720
2.9007770 3.7358220 -2.7474000
-7.9468800 4.1489920 -2.5911270
-1.6803800 3.9753810 -2.7565350
-6.5156150 1.4034537 -7.6848600
-4.7080100 4.0700690 -1.1869830
-6.8470630 3.7477700 -4.9557400
3.7326850 4.0209510 -8.5850000
3.5349870 4.1257050 -2.8075100
5.1820700 4.1536320 -2.4065670
1.8660660 1.0030784 -2.2127290
-6.0510780 1.0748450 -1.7042300
-6.2374340 4.0146090 -7.4040200
2.5456950 3.9483890 -4.0251400
-2.2828000 4.3394940 -2.5124420
-8.1088400 4.3439060 -2.6140070
-1.7362450 4.3237420 -2.7665190
-2.6416670 4.4674020 -2.8209740
3.8064500 1.0944331 -2.0203790
-5.8232370 9.5690400 -2.0616030
-6.6122370 4.2341260 -2.7538800
-6.0959920 9.4173040 -1.9015670
3.1352250 4.2649280 -4.6745000
-3.3540900 3.6342620 4.9089960
1.7252780 4.4335610 -2.3067190
1.0637660 4.4161560 -2.4926170
4.3843100 4.5806710 -2.6788990
-8.2506400 4.5148720 -2.8441070
-1.5748410 4.5043860 -2.7877790
2.8990330 4.4697850 -6.1863000
8.1686400 4.5053030 -2.5178740
-9.6291000 4.5378230 -2.7308280
-1.7033400 4.7819200 -2.9928930
-3.1535830 4.4740410 -2.8079410
-3.3619650 1.5691468 -1.1024870
-5.0751180 4.3109620 -1.0018680
3.6890890 4.7353200 -6.1057100
2.4975630 4.2644580 -7.0169900
2.4562420 4.8369560 -1.9672760
1.3964040 4.5579170 -2.4706510
1.3376130 4.8630300 -2.6551500
3.7308900 4.8127990 -2.9025970
-8.7947000 4.7056850 -2.9881630
-1.3753770 5.1865060 -3.2243480
-2.1200840 4.6657090 -2.7951320
3.9693540 4.5658580 -4.5274100
3.3627400 4.8717730 -6.3904600
-6.5352120 9.9294570 -1.6820150
1.2868100 5.0383670 -3.0357440
-8.1797500 4.9845800 -3.1071390
-1.7184350 4.8210500 -2.9741930
-2.6049450 4.7692500 -2.6149500
-8.4747010 1.1078350 3.9488380
-5.1316870 4.8270690 -7.9310500
-8.2506510 1.2765487 -4.6796400
3.8663690 5.1696670 -6.6910200
-7.5643160 9.9440450 -1.1927610
2.0284470 5.1349190 -2.4895380
5.9436000 5.0976660 -2.9119360
-2.5528290 5.1472710 -2.6884680
-3.5562670 4.9399890 -1.2865040
-4.2818980 1.6220182 -1.0337510
-6.5593600 1.7665711 -6.0504730
-3.4151080 1.7442797 -1.3312550
4.3673180 5.0162230 -5.9843500
-5.0342410 1.5546197 -5.1927700
2.5464180 5.4029700 -2.1691010
1.0149790 4.9258540 -2.7750590
-2.2043190 5.3612020 -3.0135610
-3.2875520 5.1677630 -1.0888650
-3.7613820 4.9534770 -1.1626140
-4.0750630 4.9285110 -1.1286200
-4.6385170 4.7490850 -1.0085980
4.4473170 5.3293010 -6.3327900
3.3205620 5.1020650 -7.2382500
1.5678350 5.1169270 -2.6397810
6.8341700 5.5010170 -3.0561130
2.1424700 5.5502800 -3.1334400
5.9285000 5.2867950 -3.0513830
-3.6481400 5.1869000 -3.1457940
-9.4245600 5.5399220 -3.3653980
-1.9302150 5.8224770 -3.3919700
-6.1084270 1.3386190 -7.2248900
-4.3309760 5.5656840 -1.1402110
-6.1080540 1.6833773 -5.9192060
4.7574690 5.2943630 -5.1300300
-3.7403030 1.1150775 -1.8243310
1.9972490 5.4409710 -2.7108230
5.3974800 5.8382570 -3.0903760
-1.0603590 5.3602910 -3.3403350
-3.4998290 5.2331560 -1.0347380
-4.6471230 5.1304340 -9.8299800
-6.7945360 1.1493603 -9.5107300
-7.1048210 1.5161088 -4.4679270
-5.8903800 3.4790620 -2.4224470
1.6842140 5.5555670 -2.8284560
1.0711040 5.4687610 -2.9767520
-1.1826800 5.9492420 -3.3360920
-5.2325900 5.5688960 -3.2840220
-5.1705830 5.2470760 -7.4047200
-5.2626360 6.0043760 -8.9566900
-7.2598590 9.7762720 -1.4434510
4.4331260 5.5818010 -6.0362700
3.8463400 5.4934820 -6.1822500
3.8838620 5.7808260 -5.2584800
-9.2015400 5.9510130 -3.4437110
-3.5262560 5.5284900 -1.0545060
-3.8336450 5.4503540 -1.0905320
-1.7727540 3.6289540 5.2222250
5.0006490 5.8095800 -4.6211800
4.6133970 5.9278810 -4.7769600
1.5110300 5.9819840 -2.8645750
1.0312380 5.7586530 -2.9995250
-6.1353400 6.0256790 -3.4695830
-1.2318220 5.9396390 -3.5268510
-1.4466910 6.3136020 -3.6865870
-4.6650260 5.9840950 -1.2135840
-5.6572080 1.2480275 -7.1885700
-7.9237500 1.2055419 -5.6744800
-7.9334790 1.2560650 -6.1175900
2.2340000 5.8492230 -2.6014120
7.6270400 6.2098330 -3.1135840
3.3101700 6.0456840 -3.2481070
-1.6811880 6.1275230 -3.5929330
-3.2491910 5.7196350 -1.2104730
-3.4108240 6.1466560 -1.3053130
-3.3896980 5.7025330 -1.1047570
-3.8623580 5.8303290 -1.1505750
-4.5008400 6.2723940 -1.3390450
-5.6896010 1.3398739 -5.6270700
-4.4853890 1.5746031 -8.6731600
-7.8609550 6.9656870 1.1810740
-2.3730020 1.0186156 -2.3836400
-2.8122930 9.9322390 -2.3580130
-5.0076720 1.4997652 -3.6419700
-3.3048420 9.5958590 -2.3426460
1.9520390 6.2064770 -2.7292470
-3.8864710 1.0333987 -2.0641400
-4.8952940 5.6281090 -1.0220880
-5.3993040 1.4498656 -1.1093400
-4.5530560 9.8510850 -2.1729510
-5.0910960 1.0074570 -2.1619430
2.3245830 6.2792530 -2.5047990
9.7412800 6.3181400 -3.1141370
-8.6614000 6.4559630 -3.4490930
-8.5264000 6.4001730 -3.5850480
-4.8451500 6.4794120 -1.3029910
-5.2325160 1.0614813 -1.9271240
-5.5265350 1.0216682 -1.9897100
-5.9042010 9.9032210 -1.9222950
-5.7846760 1.0433496 -1.8525740
-2.7113460 1.7332156 -1.8538890
2.2832000 6.7082570 -2.6297510
1.4519060 6.4595540 -2.9855690
1.1471330 6.7581440 -3.0901170
-1.7739360 6.6260830 -3.7657310
-6.5059750 1.3452104 -8.0899900
-7.5829320 1.4244605 -5.8090000
-4.1362350 6.1637330 -1.2813770
-5.6147890 6.1921550 -5.7541100
-6.2126110 6.2845360 -4.5202600
-3.7292480 1.6449057 -1.3627050
-1.9818920 1.6509494 -1.7608980
6.2881100 6.5416350 -3.2563040
-5.9250500 6.9515630 -3.5933480
-1.0538630 6.7999180 -3.6517060
-3.5385700 6.6817430 -1.5434860
-5.3994500 6.4638700 -9.3254900
-6.3852310 6.5572310 -6.9393300
-6.3920880 1.2774242 -8.5494600
-2.6940700 3.6184050 5.3351850
1.9618650 6.7007390 -2.8356120
1.2275180 6.9933940 -3.1553160
5.4265100 6.8247960 -3.2730520
-4.4084200 6.6619200 -3.4870250
-2.1911350 6.7144790 -3.6535750
-4.5643150 1.5466949 -7.2969400
-5.1673460 6.6850660 -1.2120350
-5.8105180 6.6465950 -1.0044340
-5.6992260 1.4311862 -2.2403000
-8.0651110 1.3119854 -4.4397800
-5.6544310 1.2850938 -6.2014700
1.7758080 7.0138540 -2.9404680
6.4980500 7.0791870 -3.3525310
7.5831000 7.0434460 -3.4462560
-1.3235950 6.9292820 -3.7917490
-6.7390780 1.1889688 -8.7301400
-3.8119520 6.4162310 -1.3829140
1.8527400 1.1303356 -1.9794270
-7.5950810 6.8170610 1.8117970
-1.0001990 7.2671480 -3.7661370
-1.7976070 7.0613770 -3.8443880
-2.3035990 7.2778460 -3.8072640
-2.6120100 7.1177480 -3.5451530
-6.8535420 1.3929375 -7.8046600
-3.5263040 7.1067650 -1.8011860
-4.1558180 6.9774010 -1.6774100
-5.2831730 7.0298920 -1.4864960
-6.6978850 6.7638980 -6.8094400
-1.0244470 1.7895826 -2.9538870
-7.5272650 1.2680098 -8.0241700
-8.7359900 1.1248315 4.2049490
8.7503000 7.4301560 -3.3398210
-6.4249520 1.6045024 -5.7041470
-4.4354010 7.3372220 -1.7874430
-4.5762580 6.9445320 -1.5928780
-4.7957440 7.2542990 -1.6106990
-5.7822630 6.9538010 -1.4416470
-7.2071600 7.1538150 -7.4714400
2.5472930 7.4094500 -2.4938540
1.5719730 7.3756350 -2.9747770
4.8214000 7.3763980 -3.4552450
-2.2528600 7.3921320 -3.5887190
-7.3834900 7.4799620 -3.7223830
-2.0225340 7.7095190 -3.9044290
-3.4016180 7.2101270 -2.0823150
-3.8493370 7.2839870 -1.7502230
-6.4392550 7.3116330 -1.5335340
-6.4480660 7.0187350 -1.2261750
-2.3854330 1.6164528 -1.4504190
2.2104450 7.2692600 -2.6900140
1.5532370 7.6586960 -2.9606940
1.1574050 7.4860570 -3.1383860
-1.4731560 7.7640750 -3.8490670
-1.6018820 7.4288800 -3.8864420
-5.1103620 7.3071950 -1.6243060
-5.7989540 7.4017880 -1.7522320
-6.9608380 7.2322890 -1.0934430
-7.5996110 1.1714132 -6.5577200
-3.7987660 1.0751453 -1.9975760
1.0696210 7.9889200 -3.2009580
-5.3433400 7.8264580 -3.7476940
-2.6081990 7.6191290 -3.6780200
-3.9161040 1.5718885 -1.0580510
-6.5609880 7.5860010 -1.6750060
-7.0177600 7.5663330 -1.3839210
-7.4291360 7.4808360 -9.3537900
-6.3428890 1.7185387 -6.1412170
3.0684890 7.5726870 -2.0778090
1.9305010 7.9017870 -2.7743990
-8.5992100 7.9338730 -3.7905180
-2.3200110 7.6568500 -3.8386500
-3.8117820 7.6390120 -1.8644360
-4.4231130 7.7664130 -1.9026580
-5.1025500 7.5705070 -1.8186900
-7.0595130 1.2994832 -8.7629200
2.8147660 7.8785370 -2.2432450
7.6016000 7.9435920 -3.3714560
4.9502400 7.8027250 -3.4409750
-1.5858350 8.1165550 -3.9185590
-1.8502080 8.3343870 -3.9010720
-7.9739350 1.3606854 -4.1482100
-3.0980180 1.6634656 -1.6241160
-3.5749800 7.7248350 -1.9374020
-4.8944740 7.9086360 -1.9575700
-5.5065860 7.8089190 -1.9755480
2.3706000 8.0240410 -2.5450120
1.2254110 8.3456700 -3.0771580
1.8549900 8.4692790 -3.4838500
-2.0857000 7.8941410 -3.5782080
-4.2710000 8.2947370 -3.6380660
-4.4101600 8.2794510 -3.7467250
-3.3202320 1.0578320 -2.0647590
-3.9206970 8.1536380 -2.0571000
-6.0355410 7.9766610 -1.9375540
-4.1771830 1.0396706 -2.0832940
-1.1204010 8.2713320 -3.8489610
-2.3181500 8.1686990 -3.8329160
-2.7233190 8.0570950 -3.6620670
-3.5470180 8.0196070 -2.2325910
-4.4864210 8.1997900 -2.0473520
-5.0647890 8.2309430 -2.1365890
-5.5522610 8.1927600 -2.1353790
-8.8089610 1.1135484 1.8516150
-7.2036080 1.1107918 4.5361400
-3.3359780 1.6986395 -1.5448990
-6.6839030 6.2170510 2.1576840
3.0730560 8.1968990 -2.0040460
1.6224320 8.6480380 -2.8952010
-6.9855630 1.0027892 -1.4847830
-6.3836170 8.1704600 -1.8908860
-6.7914820 8.0136290 -1.7128200
-4.5752080 1.6340754 -8.1780500
1.1727540 8.8010780 -3.0860110
7.3334800 8.5270000 -3.2829380
-3.4356500 8.7017890 -3.6461000
-2.6964110 8.4512810 -3.6361740
-3.6553370 8.5316190 -2.2576200
-3.8791090 8.5232710 -2.1917600
-5.7676940 8.6258340 -2.1098320
-6.2581810 8.6394530 -1.9169290
-7.1395340 1.2468846 -8.5944200
1.4801570 9.9040900 -2.2842920
-2.1162860 1.7491852 -2.1977110
-1.4824250 8.7288840 -3.8317070
-2.3285750 8.9468030 -3.6027250
-5.1595650 8.4422070 -2.1600960
-6.9481040 8.5656460 -1.7198420
-7.0917210 1.0754846 -1.1496630
3.0145320 8.6284000 -2.0408140
-5.5578110 1.1567692 -1.4645990
-8.0981100 8.9070080 -3.6552200
-8.1206310 1.1205088 -8.8299000
-1.8772170 8.9838040 -3.6991710
-2.1100420 8.6587670 -3.7849050
-2.5809910 8.8889590 -3.5082250
-4.8984800 9.0731760 -2.1817170
-3.5874870 3.4776000 -3.0845200
-3.3164390 3.3606540 -2.9721880
-2.5964020 3.3487000 -2.6321120
-1.6717530 3.3611640 -2.4625420
-5.3486300 3.3829010 -2.2600430
6.4843500 3.4293000 -2.0854930
1.3950350 3.4880000 -1.8612870
-4.2465980 3.4189100 -2.7260650
-3.3241100 3.3578760 -2.6719450
6.2813500 3.4165800 -1.8764230
-4.4265790 3.3663660 -2.1914420
-2.3671460 3.3630970 -2.3217760
-1.1558580 3.3895430 -2.1054260
-2.0406400 3.4053940 -1.9331070
1.7323900 3.4459660 -1.6607870
-2.7316070 3.3910070 -2.1353750
-1.3371080 3.4361580 -1.9023720
9.5887300 3.4207220 -1.5424050
-1.4981540 3.5878180 -1.7992380
-2.3474300 3.5903130 -1.5929740
2.2544300 3.6411540 -1.4783970
-3.5199130 3.3835210 -2.0508290
-2.6075450 3.5918600 -1.9405170
8.2740600 3.5645200 -1.2648700
1.0473640 3.4742600 -1.1262870
1.4055380 3.4483430 -1.4495730
-3.6970520 3.5680360 -1.5007790
-2.4719500 3.8408770 -1.4159030
-3.9481890 3.3618220 -2.3612470
-4.1091510 3.4006000 -1.1997540
-3.1589810 3.5592330 -1.9204150
-2.0086310 3.8064450 -1.7220790
-1.1113250 3.8290290 -1.5646360
4.4522600 3.7705190 -1.2957650
1.5870480 3.4416230 -2.9666500
-4.7872000 3.4136300 -1.5418250
-4.7521640 3.3622720 -1.2804590
-3.3407340 3.7577040 -1.6158190
-2.7851470 3.8404330 -1.7210420
-8.5065300 3.9028950 -1.3000800
6.4552500 3.8165190 -1.0164860
7.4147100 3.4659190 -3.0116800
1.1966200 3.4335400 -5.9571300
2.0414820 3.5567580 -3.7806900
-1.9288780 3.8762570 -1.4202620
-1.1390100 3.9176760 -1.0381370
3.8149200 3.9024470 -8.0827300
7.5208200 3.6733400 -6.7614300
1.9968120 3.4843990 -1.8984900
-4.5058400 3.3600490 -1.2527510
-3.0754850 3.8639810 -1.4050770
-5.1499810 3.3729110 -1.2082510
-2.3756860 3.8585750 -1.1093270
3.9734700 3.8208550 -3.7963500
9.5485400 3.4232620 1.7162000
2.9086550 3.5799990 3.5630900
-5.5965200 3.3529910 -9.1246200
-1.9523510 3.8505210 -4.5434500
1.6363470 3.4394790 2.2948600
2.1324740 3.4624040 5.6444000
-3.9670300 3.6174000 -7.3397700
-1.4251730 3.8648030 -4.3030400
2.3262300 3.5348200 2.3246000
1.4014300 3.5703800 3.8878900
1.5322800 3.6239700 3.6628500
2.3753130 3.4670710 3.9885300
3.2369180 3.5816010 7.0246300
-6.3715900 3.3776930 -8.0065600
-6.4266880 3.3562500 -5.1253200
-3.8066600 3.8518600 -7.3079600
-9.4308800 3.8887690 -7.4848700
3.9677800 3.4200210 4.9754500
9.4292600 3.6030400 4.5275100
2.9859020 3.4980130 9.8349300
-5.2730060 3.3497900 -1.8117500
-4.1271000 3.3855400 -1.8800800
-3.1105000 3.8946190 -2.7793900
6.2194100 3.5134100 6.5492800
2.0897900 3.5937100 8.7849000
3.5606010 3.6526640 9.8155300
-6.7078340 3.3840100 -6.1688300
-8.1140000 3.7424170 4.7721500
3.1492300 3.4125310 1.1762220
4.9172000 3.3997100 9.1666100
2.5130800 3.4546910 1.1012580
2.8248620 3.5046370 1.6016700
-6.7032970 6.5145960 2.7292860
-4.6380170 3.3605230 -8.9435000
-3.3163400 3.8195400 -5.2520000
-3.2074200 3.8323400 -4.2109000
-2.1692690 3.8266010 4.5100800
2.3930750 3.4816710 1.7739160
4.2719120 3.9977070 8.9321600
-5.8604080 3.3462230 -2.1667000
-3.7314400 3.3633000 4.5724700
-1.0423990 3.8488570 6.2292700
-1.3896900 3.8651360 2.3966500
-3.0845000 3.5462480 8.2607200
-1.4089000 3.6193080 1.2944550
2.2252900 3.6583300 1.3979700
-7.0961830 3.4345730 -7.8374000
-6.9066180 3.3717630 -1.9761000
-6.4825640 3.3505860 2.8222500
-4.7059660 3.3501860 3.5646400
-3.6953800 3.8172780 1.3046800
3.3475850 3.6447340 1.6266960
3.7249610 3.7509920 1.4815820
-4.5675940 3.3703640 6.4300300
-3.8639270 3.3937310 8.5506500
-9.5064100 3.8352640 1.5570660
2.1499800 3.5807100 1.8169400
4.4876460 4.1230990 1.6008250
-7.2474010 3.6255930 1.5532600
-7.1498130 3.4452970 4.2026500
-2.7790900 3.8062900 7.9376100
-1.6556410 3.8286470 1.0215790
8.1043500 3.4842900 1.8134600
2.3589460 3.5890600 2.5337690
4.1261350 4.0585070 2.0751930
-5.1350870 3.3645700 8.0329400
-4.7104300 3.5549500 8.0803900
-1.4103500 3.6999940 1.6982030
9.1714000 3.4803380 1.5634690
2.8887900 3.4636250 1.8849770
1.3279200 3.4379500 2.1423700
1.4322700 3.4425500 2.1593200
1.7490100 3.4646300 2.2040900
2.9868460 3.6248820 1.9872200
-3.9222000 3.6326200 1.0789900
-3.0307100 3.3995400 1.4706400
2.0081230 3.5172700 2.8018770
2.4989010 3.8104580 2.9429570
3.3584130 3.8303930 2.2928670
4.9015720 4.4573630 2.0659450
-5.8225970 6.6607310 3.5050280
-6.7330830 3.3846440 8.7266300
-3.4692330 3.3828710 1.2438580
-2.9803200 3.4287000 1.6353100
1.7023800 3.6310890 2.1179600
4.5137020 4.4625440 2.5516510
-6.8876490 1.1022176 3.9004630
-5.7680560 3.3622690 1.4040310
-5.3210500 3.3585300 1.3987000
-3.5711600 3.5891600 1.5502900
-2.8861500 3.5396700 1.7350000
-2.6580500 3.7742600 1.5705300
-1.0974400 3.8147840 2.0427010
3.5047710 4.0973940 2.6970390
-6.9685460 3.4478780 9.7984300
-5.4019000 3.3309900 1.5848000
4.4816800 3.7117830 2.4755300
6.6605500 3.5204730 2.4315930
8.3833000 3.4748700 2.4057310
3.8883100 4.1032980 2.4976570
-2.6441900 3.8727070 2.5131260
3.2222300 3.8708440 2.5898750
9.0016500 3.6890930 2.8482190
1.3196980 3.4835790 3.1630980
2.2291600 3.7053310 3.3101020
2.8948390 3.9160020 2.7234810
-8.7773470 1.1181412 3.7144310
-1.7870490 3.8203890 2.0243220
1.0087420 3.7047690 3.0822500
4.2296550 4.5435770 2.9040920
-8.4341340 1.1388013 4.6513480
-7.3795710 1.0895629 3.9217250
-5.1243340 6.4239200 3.4258040
-6.1777390 3.4017860 1.6900580
-3.6665100 3.5304200 2.3032000
-1.4930180 3.8643510 2.9378330
-8.0894520 1.0967225 3.7910230
-8.9822620 1.1387199 3.2845310
-6.9655510 6.8728370 3.1127880
-7.8449800 1.0988832 4.2517920
-7.5824140 1.0794900 3.7128750
-5.5740630 3.4128050 2.6674360
-3.8279600 3.5429000 2.4380600
-3.5283340 3.4179780 2.2744860
-2.5798070 3.7865000 1.9981460
6.9064300 3.9004270 2.9548510
1.5448990 3.4852440 3.6984890
1.9128230 3.5640640 3.6642280
-6.3664970 6.6047840 3.1828080
3.9604800 4.4939530 2.9992360
-8.0294310 7.1702430 1.5995300
-5.4185430 6.7322700 3.6935610
-7.3110210 1.4847168 -2.8748470
-5.8999980 7.3751550 4.1197080
-5.9520730 6.1040260 -2.3753800
-6.2791800 3.4596760 2.3505640
-4.1895500 3.3668300 2.6940000
8.9808200 3.7639400 3.3900800
8.5287800 3.4888000 3.6265100
-8.9803890 1.1498106 4.2771650
-6.5545420 7.4430370 3.9168070
-6.4644190 6.1723230 2.2552000
5.2496900 3.9507100 3.3271200
2.0250320 3.7033170 3.9327190
-6.7006400 6.3292870 -1.7493900
-6.4479770 6.0651470 4.2343200
-5.7219630 5.7000470 4.9175800
-7.4362810 7.2437050 3.1430040
-6.2019000 3.4343180 3.1883280
-4.6870820 3.4444130 3.0513130
-2.0814280 3.8400960 2.7868430
1.6439350 3.5635110 4.1281040
-6.9087160 1.1205014 4.5320060
-7.1811570 1.4861318 -3.4639490
-6.9538770 6.3074750 3.5758200
-8.4863890 7.8392100 1.6462010
-9.1188780 1.1588893 2.4705540
-8.8827760 1.1359169 2.3873640
-7.1302830 1.1325363 4.9444530
-5.4876950 7.0282330 3.8828200
-7.7208880 1.0715887 3.4738290
-6.1241780 5.9007440 8.0916600
-6.5885650 3.5025080 2.9416520
-5.7889430 3.4419570 3.6265760
-5.1847710 3.4470270 3.4635180
-3.4834600 3.4721400 3.4578200
-3.0984700 3.8191900 3.2390100
-4.9613100 3.9364900 3.6702200
1.2224170 3.5177480 4.2620580
-7.4898220 1.1458863 5.0776480
-8.0469100 1.1357963 4.6643440
-7.4107560 6.9586030 2.7264400
-7.9002620 7.6339320 2.9248090
-6.5297080 3.4778970 3.3744340
-3.3656400 3.4344100 3.6914100
4.9318500 3.4814800 4.3462110
1.1347440 3.6213020 4.4652280
-6.0569260 7.1154540 3.8653760
-8.8979470 1.1450869 2.8446030
-6.8543520 6.1090480 1.0557760
-8.2710960 1.1648975 4.8518530
-4.1913210 3.4467720 3.3200040
-1.1289800 3.9529200 3.8844100
-2.8261900 3.4885340 4.5611410
-6.4561210 5.9484140 1.3061680
-5.8581440 5.7801460 1.3429540
-2.3320000 3.9169500 3.8473300
-1.8159900 3.9322300 3.9402900
-1.6471400 3.4812800 4.3684700
3.2906600 3.5833470 4.6024610
-8.5229630 1.1200712 3.0416940
-8.5644730 1.1131719 3.4234780
-7.4530360 6.6680690 4.6953300
-7.1112970 6.2751470 8.7995500
-6.1149380 5.8834410 1.6539440
-4.6912270 3.4627180 3.9739710
-4.0760350 3.4668230 4.0492530
-2.6323100 3.4658000 4.3473500
-3.1836600 3.6229910 4.7873100
-7.9940490 1.0916678 3.4119800
-5.9712170 6.3165280 2.8789180
-5.1176600 6.8061880 3.7398330
-5.0126580 7.0933150 3.9481010
-7.2790130 6.4399880 1.5205950
-6.8511230 6.1214650 1.5354080
-3.9343210 3.5440180 4.2492560
-8.1305900 3.5008350 4.7502400
-6.6080670 7.0202740 3.5552860
-6.8602600 1.4992277 -4.0051350
-7.1722100 6.7023040 2.4959750
-7.5115010 6.6557040 1.0244090
-6.5146650 3.5945650 3.9775080
-3.6898600 3.5924640 4.4794170
-9.4780400 3.5977600 4.9434210
-8.5175960 1.1706809 4.8139420
-6.3366400 6.2790260 2.5647610
-6.6633330 6.1001700 1.8101240
-5.8167590 5.9985190 2.2606060
-6.4212210 3.4992560 3.9401920
-5.3425790 3.4560020 4.2782420
-1.8031490 3.4859970 4.9264760
-1.1440410 3.7640770 5.0275730
-7.5165320 1.1154286 4.6707180
-7.7168390 6.9826450 5.0605600
-7.2801360 6.4382590 1.2089080
-7.8022000 7.0995160 2.1322150
-6.1263370 3.4690410 4.1994900
-5.4403750 3.5007310 4.4874590
-4.5754280 3.5206980 4.3518120
-3.3832440 3.5168820 4.6957890
-2.8657630 3.5083380 5.0549440
-1.5306440 3.5246410 5.0133810
-6.5283650 1.5592447 -4.9865930
-6.6467860 1.4871539 -3.1579300
-6.2095980 1.6388324 -5.8385930
-6.3274890 1.5245731 -3.2221730
-4.3755720 1.4773408 -2.1433200
-6.5696940 1.4561631 -1.8974710
-6.6713650 1.5358824 -4.9097100
-1.0482810 1.6668287 -2.1746090
-6.2744510 1.6397531 -5.9398280
-7.0413230 1.4129200 -8.4590800
-6.1530380 1.4037628 -6.2734700
-1.1452460 1.7220633 -2.6844980
-6.3731140 1.6577037 -6.0103610
-2.8218820 1.5758144 -1.0999490
-1.8471270 1.5967716 -1.1169510
-6.6700710 1.5236775 -4.5266390
-4.9896410 1.4670859 -1.8614200
-3.1449640 1.5460463 -7.6802300
-6.7447660 1.5507675 -5.1594250
-1.0906650 1.7649301 -2.9246300
-7.2083600 1.4965550 -3.9265860
-6.4230830 1.4877806 -2.5899710
-6.3056640 1.4341650 -7.4907700
-5.3043350 1.4092550 -4.7408000
-3.9269410 1.5205232 -6.6203800
-6.4796930 1.5210615 -3.6185520
-6.4400320 1.5834400 -5.4256370
-6.6178120 1.4218350 -9.3766300
-6.7751430 1.4605207 -2.3333300
-6.4731580 1.5410067 -4.0464820
-2.4265590 1.5687690 -7.8509300
-1.5723180 1.6312344 -1.6396570
-7.0887660 1.4404618 -1.4908480
-4.4341830 1.5113809 -5.6859800
-6.2896810 1.4694778 -1.3098620
-6.3755400 1.4428875 -1.1395730
-6.8214560 1.4390932 -1.4984170
-5.0271440 1.4336563 1.5153000
-2.8535590 1.6208479 -1.4786030
-6.5810700 1.4359119 -1.2585380
-5.6179200 1.3774406 -4.0674300
-6.8866880 1.4723338 -2.8739870
-6.0965420 1.7002113 -6.0839390
-1.3895490 1.6787168 -2.1897230
-6.9413000 1.5121847 -4.4538540
-5.5039800 5.7309700 1.6990900

