164 94 98
224 335 49
331 350 376
124 122 237
61 89 69
61 161 94
24 89 50
109 25 35
27 34 152
444 443 435
94 35 153
3 61 69
24 69 89
38 218 104
22 42 39
14 24 34
290 166 371
226 76 224
204 197 72
82 3 14
13 81 23
99 13 23
23 110 30
110 2 30
166 265 371
90 61 3
34 24 50
293 167 207
80 78 85
61 94 164
84 238 80
4 161 61
132 149 64
196 22 228
59 46 242
179 84 80
265 96 371
52 258 207
121 127 141
343 168 346
232 227 220
232 243 227
232 246 243
57 126 56
57 130 126
221 232 220
4 61 90
134 80 85
176 217 175
4 0 161
78 21 50
126 130 129
56 126 129
111 182 201
96 70 371
89 164 98
123 6 55
197 87 72
416 419 412
245 80 179
21 78 36
61 164 89
67 132 64
150 149 132
384 387 325
214 221 112
214 233 232
221 214 232
244 246 232
233 244 232
244 252 246
244 143 119
252 244 119
127 142 141
67 150 132
82 90 3
112 180 214
244 253 143
111 201 269
37 74 63
133 150 67
118 133 67
133 180 150
191 214 180
181 191 180
191 234 233
214 191 233
234 244 233
234 7 244
244 98 253
253 98 143
216 217 115
181 180 133
15 16 219
254 98 244
7 254 244
74 11 63
14 3 24
3 69 24
217 216 175
85 78 50
73 78 80
7 98 254
105 133 118
1 248 196
48 241 100
42 156 39
149 173 344
135 133 105
106 135 105
31 7 234
148 31 234
89 98 7
31 89 7
235 84 230
14 27 236
106 125 135
19 20 62
131 54 159
34 50 21
82 14 236
201 52 43
310 308 280
131 159 54
271 310 280
27 14 34
177 89 31
238 73 80
130 176 175
354 331 381
129 130 175
125 136 135
251 52 201
106 56 125
56 129 136
125 56 136
129 175 174
136 129 174
175 216 215
174 175 215
115 114 215
216 115 215
134 85 31
85 177 31
50 89 177
85 50 177
179 80 245
400 407 367
263 83 121
217 179 115
149 132 64
178 187 116
142 178 116
326 120 319
57 83 267
304 391 294
355 354 359
128 29 11
267 273 130
48 16 10
301 302 266
196 66 22
230 84 217
247 13 243
110 81 13
271 178 266
110 13 247
278 277 267
48 10 329
258 11 275
1 196 228
154 247 243
154 110 247
263 141 270
154 60 110
60 154 110
154 60 110
11 74 37
274 5 51
252 154 243
119 252 243
109 110 60
39 2 110
109 39 110
32 128 29
32 128 11
309 300 311
252 119 154
73 145 255
67 64 259
32 29 128
258 275 43
154 119 60
119 109 60
137 256 248
270 267 83
235 238 84
267 130 57
258 32 11
302 310 271
51 238 235
266 302 271
5 36 255
51 235 230
51 145 73
286 51 230
287 274 286
119 25 109
10 40 289
120 48 329
274 51 286
276 230 217
10 16 15
51 5 145
43 11 201
176 276 217
143 25 119
158 207 167
360 321 357
130 273 276
122 198 237
270 278 267
77 218 38
15 6 40
280 187 178
271 280 178
258 207 32
66 58 22
279 287 278
155 139 172
121 141 263
288 41 274
287 288 274
276 176 130
289 288 205
274 41 5
288 287 279
329 10 289
16 100 219
127 178 142
273 267 276
252 119 243
116 279 141
41 123 5
116 288 279
142 116 141
207 158 32
276 277 230
101 102 163
299 298 294
287 286 278
5 255 145
131 159 70
275 11 43
32 158 250
205 288 116
73 36 78
120 329 319
297 391 300
84 179 217
17 77 38
255 36 73
263 270 83
249 248 1
286 230 277
11 37 66
43 52 258
267 277 276
279 278 270
141 279 270
51 73 238
47 36 5
201 66 269
201 11 66
309 310 302
300 309 302
182 33 251
278 286 277
243 246 252
416 427 419
96 131 70
66 256 111
65 335 189
113 374 407
144 139 155
226 224 139
358 400 396
30 91 203
226 139 144
46 328 242
307 304 298
70 159 54
103 265 284
443 261 446
17 38 28
88 200 239
72 170 211
138 17 28
35 1 228
295 299 294
18 131 140
18 59 131
207 258 52
188 70 54
104 87 197
222 48 120
325 326 311
326 281 120
54 159 292
386 299 295
138 59 17
48 100 16
59 242 17
296 121 83
10 15 40
242 91 17
225 9 211
314 322 384
326 325 281
170 225 211
17 91 77
144 76 226
155 9 225
159 131 28
172 139 170
131 138 28
281 264 120
264 222 120
139 155 225
139 225 170
314 325 313
386 295 390
292 159 28
132 149 344
424 427 416
49 335 65
314 313 304
111 269 66
9 71 72
211 9 72
306 316 353
307 314 304
325 311 313
40 41 288
289 40 288
40 6 41
6 123 41
22 39 109
165 312 76
299 307 298
144 165 76
312 107 76
376 381 331
165 107 312
155 172 330
35 228 22
45 184 160
42 62 156
2 39 62
58 42 22
49 71 9
280 116 187
280 205 116
155 330 144
280 289 205
319 280 308
162 77 20
20 77 91
329 289 280
319 329 280
156 62 39
372 408 375
190 1 0
1 35 0
42 19 62
35 161 0
190 0 97
35 22 109
76 53 224
161 35 94
49 9 155
224 49 155
29 63 11
160 162 19
76 333 53
153 25 143
71 49 65
2 20 30
62 20 2
55 8 5
169 0 4
6 8 55
35 25 153
160 218 162
218 77 162
15 334 6
334 8 6
332 76 93
8 47 5
98 153 143
94 153 98
219 334 15
332 333 76
93 76 107
100 334 219
160 19 45
19 162 20
340 132 344
45 19 42
27 47 8
27 36 47
80 115 179
45 42 58
71 184 45
236 27 8
334 236 8
332 93 333
27 152 36
223 64 340
236 334 117
152 21 36
134 148 115
115 148 114
152 34 21
5 123 55
337 68 191
333 93 282
256 66 196
135 174 347
183 180 195
117 285 236
182 111 63
354 318 352
114 234 68
71 65 184
135 136 174
191 215 337
337 215 114
63 33 182
133 135 181
135 347 181
110 23 81
157 180 183
149 157 183
227 147 220
12 23 30
151 99 46
174 215 191
99 328 46
114 148 234
149 150 157
220 147 284
79 186 336
68 234 191
396 357 356
99 23 12
328 99 12
337 114 68
356 358 396
338 343 342
223 340 339
265 103 96
341 223 339
347 174 191
182 251 201
134 115 80
12 30 203
345 343 338
147 227 103
33 108 251
95 20 91
181 347 191
345 346 343
157 150 180
103 227 18
66 240 58
345 344 346
146 32 108
445 125 444
30 95 91
124 373 374
137 249 72
344 345 338
344 168 346
12 203 328
284 147 103
240 66 37
344 173 168
314 384 322
107 282 93
76 53 107
107 53 282
282 53 333
165 76 107
315 202 291
165 144 76
407 374 367
144 53 76
388 389 92
155 144 330
144 224 53
432 431 434
155 189 144
144 189 224
189 335 53
224 189 53
146 29 32
382 88 209
331 316 350
331 353 316
357 367 366
360 357 366
367 374 373
366 367 373
373 407 374
388 92 169
170 65 155
155 65 189
328 203 91
413 421 414
356 331 358
242 328 91
168 343 346
113 198 122
124 113 122
239 200 315
331 356 357
372 26 102
375 372 102
26 163 102
408 372 375
72 87 65
170 72 65
87 184 65
63 108 11
63 29 108
370 285 231
389 370 231
131 18 140
33 63 108
368 306 321
374 113 124
285 324 268
231 285 268
336 272 186
224 155 139
363 369 372
86 193 163
208 63 111
380 305 202
356 357 321
346 354 352
346 168 354
168 359 354
364 290 369
363 364 369
290 371 372
369 290 372
371 70 26
372 371 26
70 188 26
188 54 26
54 163 26
54 86 163
54 28 86
28 38 86
38 197 86
38 104 197
104 218 87
218 160 87
160 184 87
58 240 208
240 37 63
208 240 63
340 64 132
343 168 346
400 367 357
396 400 357
54 292 28
96 103 18
346 168 343
249 137 248
200 209 199
79 222 281
327 308 309
343 346 352
383 388 169
200 88 209
285 186 324
241 48 79
16 100 79
303 100 79
323 105 451
100 303 186
100 16 79
321 353 331
236 285 370
389 231 92
100 285 117
108 63 11
186 303 79
88 382 209
82 236 389
100 241 79
45 72 71
0 169 97
45 137 72
285 100 186
137 45 58
199 378 305
208 137 58
356 331 357
305 380 202
378 349 305
169 92 315
192 262 75
361 192 75
291 202 237
258 293 207
272 79 377
324 186 268
268 186 88
90 389 388
169 315 291
97 169 291
79 320 377
4 383 169
379 317 368
200 202 315
92 239 315
306 353 321
370 389 236
48 222 79
206 361 185
361 206 185
92 231 239
356 321 331
190 171 185
249 190 185
206 198 361
198 192 361
90 388 383
305 124 237
327 311 326
4 90 383
190 249 1
206 361 185
171 206 185
202 305 237
108 29 146
308 310 309
334 100 117
90 82 389
79 336 186
224 53 335
354 381 318
231 268 239
186 272 209
88 186 209
200 199 202
327 326 319
308 327 319
309 311 327
435 443 446
199 305 202
97 171 190
171 97 206
97 291 206
237 198 206
291 237 206
406 124 305
399 402 400
373 374 407
300 304 311
304 313 311
407 213 113
208 111 256
403 402 399
363 403 399
29 128 32
403 375 402
363 399 359
194 192 198
193 86 75
400 213 407
272 336 79
79 281 320
300 302 297
294 298 304
299 322 314
307 299 314
322 384 314
377 281 325
387 377 325
281 377 320
355 358 331
101 102 262
363 375 403
197 204 75
102 101 262
299 384 322
262 163 193
318 343 352
299 322 384
299 393 322
322 393 384
137 208 256
86 197 75
186 79 336
222 264 281
185 361 75
365 360 366
386 392 393
299 386 393
393 392 384
392 394 384
394 398 387
384 394 387
404 377 387
398 404 387
404 209 377
209 272 377
399 400 358
359 399 358
101 163 262
262 193 75
102 101 375
204 72 249
31 148 134
424 437 427
359 358 355
400 402 213
204 249 185
351 317 386
390 351 386
317 392 386
392 317 394
317 395 394
395 397 398
394 395 398
397 405 404
398 397 404
199 209 404
405 199 404
268 88 239
75 204 185
318 352 354
243 18 227
397 385 405
385 199 405
262 192 194
101 262 194
18 131 96
349 378 199
385 349 199
250 158 167
293 250 167
379 362 395
317 379 395
395 362 397
362 365 397
365 401 397
401 349 385
397 401 385
375 194 213
213 194 113
375 101 194
354 352 318
342 343 318
375 213 402
451 261 443
32 250 293
258 32 293
113 194 198
351 409 368
355 331 354
339 340 344
372 375 363
339 344 338
368 321 379
360 362 379
360 365 362
366 365 362
365 366 362
406 349 401
365 406 401
108 258 52
258 108 32
305 349 406
297 302 301
52 251 108
321 360 379
384 325 314
373 406 365
366 373 365
373 349 406
349 373 406
373 124 406
106 105 323
439 434 431
18 243 229
83 57 260
447 83 260
418 425 429
439 441 434
441 442 434
257 106 323
391 425 418
435 437 444
257 323 452
391 418 294
296 440 441
440 296 441
131 59 138
294 413 295
95 30 20
428 432 434
422 424 415
294 420 413
425 296 429
414 422 415
425 121 296
296 440 431
452 323 451
296 83 447
431 441 439
445 444 436
429 296 431
450 56 106
301 121 433
106 257 452
414 415 411
390 413 386
18 229 59
59 229 46
386 414 411
301 433 425
248 256 196
411 416 412
300 391 304
422 436 424
46 229 151
127 121 301
412 419 356
295 413 390
351 390 411
442 56 125
409 351 412
247 243 13
330 172 155
451 118 67
364 44 290
290 44 166
166 210 265
265 210 284
442 436 434
229 99 151
364 449 44
449 283 44
418 420 294
363 449 364
212 284 210
44 210 166
420 428 422
44 212 210
247 229 243
229 247 99
127 266 178
56 450 260
413 420 421
359 168 363
363 168 449
415 424 416
296 447 260
212 220 284
436 437 424
351 411 412
440 441 431
283 212 44
451 67 261
168 173 449
449 173 283
426 342 318
381 426 318
212 348 220
266 127 301
426 338 342
149 283 173
149 212 283
438 338 426
433 121 425
149 183 212
414 421 422
172 170 155
368 317 351
350 381 376
67 259 261
183 112 212
212 112 348
348 112 220
432 431 434
448 339 338
438 448 338
420 431 432
112 221 220
428 420 432
431 432 434
417 381 350
422 428 434
423 426 381
417 423 381
56 260 57
451 105 118
296 260 440
386 413 414
306 350 316
448 341 339
415 416 411
436 444 437
259 341 448
297 425 391
442 125 445
450 106 452
410 350 306
341 259 223
355 417 350
410 355 350
259 64 223
410 356 350
356 410 350
356 355 410
355 419 417
247 13 99
195 112 183
180 112 195
419 355 356
301 425 297
390 386 411
446 259 448
446 261 259
434 436 422
421 420 422
409 410 306
368 409 306
412 356 410
409 412 410
442 445 436
435 423 430