1.38137
1.4
1.35074
1.33276
1.38426
1.33555
1.40312
1.35376
1.43241
1.38201
1.46655
1.41495
1.5
1.44722
1.21126
1.19514
1.19764
1.21396
1.2393
1.26884
1.29778
0.994
0.98077
0.982824
0.996219
1.01701
1.04125
1.065
0.711407
0.701938
0.703409
0.712995
0.727875
0.745225
0.762222
0.375926
0.370922
0.371699
0.376765
0.384628
0.393796
0.402778
0
0
0
0
0
0
0
-0.375926
-0.370922
-0.371699
-0.376765
-0.384628
-0.393796
-0.402778
-0.711407
-0.701938
-0.703409
-0.712995
-0.727875
-0.745225
-0.762222
-0.994
-0.98077
-0.982824
-0.996219
-1.01701
-1.04125
-1.065
-1.21126
-1.19514
-1.19764
-1.21396
-1.2393
-1.26884
-1.29778
-1.35074
-1.33276
-1.33555
-1.35376
-1.38201
-1.41495
-1.44722
-1.4
-1.38137
-1.38426
-1.40312
-1.43241
-1.46655
-1.5
-1.35074
-1.33276
-1.33555
-1.35376
-1.38201
-1.41495
-1.44722
-1.21126
-1.19514
-1.19764
-1.21396
-1.2393
-1.26884
-1.29778
-0.994
-0.98077
-0.982824
-0.996219
-1.01701
-1.04125
-1.065
-0.711407
-0.701938
-0.703409
-0.712995
-0.727875
-0.745225
-0.762222
-0.375926
-0.370922
-0.371699
-0.376765
-0.384628
-0.393796
-0.402778
0
0
0
0
0
0
0
0.375926
0.370922
0.371699
0.376765
0.384628
0.393796
0.402778
0.711407
0.701938
0.703409
0.712995
0.727875
0.745225
0.762222
0.994
0.98077
0.982824
0.996219
1.01701
1.04125
1.065
1.21126
1.19514
1.19764
1.21396
1.2393
1.26884
1.29778
1.35074
1.33276
1.33555
1.35376
1.38201
1.41495
1.44722
1.62384
1.56671
1.74074
1.67949
1.84375
1.77888
1.92593
1.85816
1.98032
1.91065
2
1.92963
1.40492
1.50606
1.59519
1.66628
1.71335
1.73037
1.15293
1.23593
1.30906
1.36741
1.40603
1.42
0.825153
0.884554
0.936898
0.978656
1.0063
1.0163
0.436032
0.467421
0.495081
0.517147
0.531754
0.537037
0
0
0
0
0
0
-0.436032
-0.467421
-0.495081
-0.517147
-0.531754
-0.537037
-0.825153
-0.884554
-0.936898
-0.978656
-1.0063
-1.0163
-1.15293
-1.23593
-1.30906
-1.36741
-1.40603
-1.42
-1.40492
-1.50606
-1.59519
-1.66628
-1.71335
-1.73037
-1.56671
-1.67949
-1.77888
-1.85816
-1.91065
-1.92963
-1.62384
-1.74074
-1.84375
-1.92593
-1.98032
-2
-1.56671
-1.67949
-1.77888
-1.85816
-1.91065
-1.92963
-1.40492
-1.50606
-1.59519
-1.66628
-1.71335
-1.73037
-1.15293
-1.23593
-1.30906
-1.36741
-1.40603
-1.42
-0.825153
-0.884554
-0.936898
-0.978656
-1.0063
-1.0163
-0.436032
-0.467421
-0.495081
-0.517147
-0.531754
-0.537037
0
0
0
0
0
0
0.436032
0.467421
0.495081
0.517147
0.531754
0.537037
0.825153
0.884554
0.936898
0.978656
1.0063
1.0163
1.15293
1.23593
1.30906
1.36741
1.40603
1.42
1.40492
1.50606
1.59519
1.66628
1.71335
1.73037
1.56671
1.67949
1.77888
1.85816
1.91065
1.92963
1.96296
1.8939
1.87037
1.80456
1.75
1.68843
1.62963
1.57229
1.53704
1.48296
1.5
1.44722
1.69833
1.61822
1.51407
1.40993
1.32982
1.29778
1.3937
1.32796
1.2425
1.15704
1.0913
1.065
0.997476
0.950425
0.889259
0.828093
0.781043
0.762222
0.527092
0.502229
0.469907
0.437586
0.412723
0.402778
0
0
0
0
0
0
-0.527092
-0.502229
-0.469907
-0.437586
-0.412723
-0.402778
-0.997476
-0.950425
-0.889259
-0.828093
-0.781043
-0.762222
-1.3937
-1.32796
-1.2425
-1.15704
-1.0913
-1.065
-1.69833
-1.61822
-1.51407
-1.40993
-1.32982
-1.29778
-1.8939
-1.80456
-1.68843
-1.57229
-1.48296
-1.44722
-1.96296
-1.87037
-1.75
-1.62963
-1.53704
-1.5
-1.8939
-1.80456
-1.68843
-1.57229
-1.48296
-1.44722
-1.69833
-1.61822
-1.51407
-1.40993
-1.32982
-1.29778
-1.3937
-1.32796
-1.2425
-1.15704
-1.0913
-1.065
-0.997476
-0.950425
-0.889259
-0.828093
-0.781043
-0.762222
-0.527092
-0.502229
-0.469907
-0.437586
-0.412723
-0.402778
0
0
0
0
0
0
0.527092
0.502229
0.469907
0.437586
0.412723
0.402778
0.997476
0.950425
0.889259
0.828093
0.781043
0.762222
1.3937
1.32796
1.2425
1.15704
1.0913
1.065
1.69833
1.61822
1.51407
1.40993
1.32982
1.29778
1.8939
1.80456
1.68843
1.57229
1.48296
1.44722
0.605903
0
0.584584
1.02222
0.986255
1.28437
1.23918
1.42778
1.37754
1.48785
1.4355
0.524218
0.884412
1.11122
1.23529
1.28726
0.430191
0.725778
0.911906
1.01372
1.05637
0.307888
0.51944
0.652653
0.725523
0.756047
0.162696
0.274486
0.344878
0.383385
0.399515
0
0
0
0
0
-0.162696
-0.274486
-0.344878
-0.383385
-0.399515
-0.307888
-0.51944
-0.652653
-0.725523
-0.756047
-0.430191
-0.725778
-0.911906
-1.01372
-1.05637
-0.524218
-0.884412
-1.11122
-1.23529
-1.28726
-0.584584
-0.986255
-1.23918
-1.37754
-1.4355
-0.605903
-1.02222
-1.28437
-1.42778
-1.48785
-0.584584
-0.986255
-1.23918
-1.37754
-1.4355
-0.524218
-0.884412
-1.11122
-1.23529
-1.28726
-0.430191
-0.725778
-0.911906
-1.01372
-1.05637
-0.307888
-0.51944
-0.652653
-0.725523
-0.756047
-0.162696
-0.274486
-0.344878
-0.383385
-0.399515
0
0
0
0
0
0.162696
0.274486
0.344878
0.383385
0.399515
0.307888
0.51944
0.652653
0.725523
0.756047
0.430191
0.725778
0.911906
1.01372
1.05637
0.524218
0.884412
1.11122
1.23529
1.28726
0.584584
0.986255
1.23918
1.37754
1.4355
0.2
0.171296
0.165279
0.192963
0.148234
0.173037
0.121672
0.142
0.087106
0.10163
0.046045
0.053704
0
0
-0.046045
-0.053704
-0.087106
-0.10163
-0.121672
-0.142
-0.148234
-0.173037
-0.165279
-0.192963
-0.171296
-0.2
-0.165279
-0.192963
-0.148234
-0.173037
-0.121672
-0.142
-0.087106
-0.10163
-0.046045
-0.053704
0
0
0.046045
0.053704
0.087106
0.10163
0.121672
0.142
0.148234
0.173037
0.165279
0.192963
0.350926
0.338579
0.574074
0.553875
0.825
0.795972
1.05926
1.02199
1.23241
1.18904
1.3
1.25426
0.303616
0.49668
0.713778
0.916455
1.06626
1.12474
0.249157
0.407593
0.58575
0.752074
0.875009
0.923
0.178322
0.291715
0.419222
0.538261
0.626246
0.660593
0.09423
0.15415
0.221528
0.284431
0.330924
0.349074
0
0
0
0
0
0
-0.09423
-0.15415
-0.221528
-0.284431
-0.330924
-0.349074
-0.178322
-0.291715
-0.419222
-0.538261
-0.626246
-0.660593
-0.249157
-0.407593
-0.58575
-0.752074
-0.875009
-0.923
-0.303616
-0.49668
-0.713778
-0.916455
-1.06626
-1.12474
-0.338579
-0.553875
-0.795972
-1.02199
-1.18904
-1.25426
-0.350926
-0.574074
-0.825
-1.05926
-1.23241
-1.3
-0.338579
-0.553875
-0.795972
-1.02199
-1.18904
-1.25426
-0.303616
-0.49668
-0.713778
-0.916455
-1.06626
-1.12474
-0.249157
-0.407593
-0.58575
-0.752074
-0.875009
-0.923
-0.178322
-0.291715
-0.419222
-0.538261
-0.626246
-0.660593
-0.09423
-0.15415
-0.221528
-0.284431
-0.330924
-0.349074
0
0
0
0
0
0
0.09423
0.15415
0.221528
0.284431
0.330924
0.349074
0.178322
0.291715
0.419222
0.538261
0.626246
0.660593
0.249157
0.407593
0.58575
0.752074
0.875009
0.923
0.303616
0.49668
0.713778
0.916455
1.06626
1.12474
0.338579
0.553875
0.795972
1.02199
1.18904
1.25426
-1.92454
-1.6
-1.59259
-1.92704
-2.1963
-2.20645
-2.4125
-2.42824
-2.57037
-2.58985
-2.66713
-2.6887
-2.7
-2.72222
-1.57407
-1.9333
-2.23182
-2.46759
-2.63855
-2.74263
-2.77778
-1.55
-1.94144
-2.26481
-2.51875
-2.70185
-2.81273
-2.85
-1.52593
-1.94957
-2.29781
-2.56991
-2.76516
-2.88284
-2.92222
-1.50741
-1.95583
-2.32318
-2.60926
-2.81385
-2.93676
-2.97778
-1.5
-1.95833
-2.33333
-2.625
-2.83333
-2.95833
-3
-1.50741
-1.95583
-2.32318
-2.60926
-2.81385
-2.93676
-2.97778
-1.52593
-1.94957
-2.29781
-2.56991
-2.76516
-2.88284
-2.92222
-1.55
-1.94144
-2.26481
-2.51875
-2.70185
-2.81273
-2.85
-1.57407
-1.9333
-2.23182
-2.46759
-2.63855
-2.74263
-2.77778
-1.59259
-1.92704
-2.20645
-2.42824
-2.58985
-2.6887
-2.72222
-2.68287
-2.70418
-2.62963
-2.64829
-2.5375
-2.55185
-2.4037
-2.41221
-2.22546
-2.22668
-1.99259
-2.75747
-2.69492
-2.58773
-2.43347
-2.22972
-1.97407
-2.82674
-2.75556
-2.63437
-2.46111
-2.23368
-1.95
-2.896
-2.81619
-2.68102
-2.48875
-2.23764
-1.92593
-2.94929
-2.86283
-2.7169
-2.51001
-2.24068
-1.90741
-2.9706
-2.88148
-2.73125
-2.51852
-2.2419
-1.9
-2.94929
-2.86283
-2.7169
-2.51001
-2.24068
-1.90741
-2.896
-2.81619
-2.68102
-2.48875
-2.23764
-1.92593
-2.82674
-2.75556
-2.63437
-2.46111
-2.23368
-1.95
-2.75747
-2.69492
-2.58773
-2.43347
-2.22972
-1.97407
-2.70418
-2.64829
-2.55185
-2.41221
-2.22668
-1.99259
2.0588
1.7
1.7
2.07238
2.27037
2.29012
2.3875
2.40972
2.46296
2.48765
2.54954
2.5804
2.7
2.74444
1.7
2.10633
2.33951
2.46528
2.54938
2.65756
2.85556
1.7
2.15046
2.4037
2.5375
2.62963
2.75787
3
1.7
2.1946
2.4679
2.60972
2.70988
2.85818
3.14444
1.7
2.22855
2.51728
2.66528
2.7716
2.93534
3.25556
1.7
2.24213
2.53704
2.6875
2.7963
2.9662
3.3
1.7
2.22855
2.51728
2.66528
2.7716
2.93534
3.25556
1.7
2.1946
2.4679
2.60972
2.70988
2.85818
3.14444
1.7
2.15046
2.4037
2.5375
2.62963
2.75787
3
1.7
2.10633
2.33951
2.46528
2.54938
2.65756
2.85556
1.7
2.07238
2.29012
2.40972
2.48765
2.5804
2.74444
2.74907
2.79641
2.79259
2.83978
2.825
2.86968
2.84074
2.88121
2.83426
2.86949
2.8
2.82963
2.91474
2.95775
2.98137
2.98237
2.95756
2.9037
3.06858
3.11111
3.12656
3.11389
3.07205
3
3.22241
3.26447
3.27176
3.2454
3.18654
3.0963
3.34075
3.38244
3.38345
3.34657
3.27461
3.17037
3.38808
3.42963
3.42813
3.38704
3.30984
3.2
3.34075
3.38244
3.38345
3.34657
3.27461
3.17037
3.22241
3.26447
3.27176
3.2454
3.18654
3.0963
3.06858
3.11111
3.12656
3.11389
3.07205
3
2.91474
2.95775
2.98137
2.98237
2.95756
2.9037
2.79641
2.83978
2.86968
2.88121
2.86949
2.82963
0.278704
0
0.268946
0.362963
0.350254
0.325
0.313617
0.237037
0.228728
0.241285
0.314228
0.281352
0.20518
0.19814
0.258037
0.231031
0.168463
0.141931
0.184834
0.165481
0.120647
0.075078
0.097771
0.087529
0.063803
0
0
0
0
-0.075078
-0.097771
-0.087529
-0.063803
-0.141931
-0.184834
-0.165481
-0.120647
-0.19814
-0.258037
-0.231031
-0.168463
-0.241285
-0.314228
-0.281352
-0.20518
-0.268946
-0.350254
-0.313617
-0.228728
-0.278704
-0.362963
-0.325
-0.237037
-0.268946
-0.350254
-0.313617
-0.228728
-0.241285
-0.314228
-0.281352
-0.20518
-0.19814
-0.258037
-0.231031
-0.168463
-0.141931
-0.184834
-0.165481
-0.120647
-0.075078
-0.097771
-0.087529
-0.063803
0
0
0
0
0.075078
0.097771
0.087529
0.063803
0.141931
0.184834
0.165481
0.120647
0.19814
0.258037
0.231031
0.168463
0.241285
0.314228
0.281352
0.20518
0.268946
0.350254
0.313617
0.228728