0
0
-0.375926
-0.370922
0
-0.371699
0
-0.376765
0
-0.384628
0
-0.393796
0
-0.402778
-0.711407
-0.701938
-0.703409
-0.712995
-0.727875
-0.745225
-0.762222
-0.994
-0.98077
-0.982824
-0.996219
-1.01701
-1.04125
-1.065
-1.21126
-1.19514
-1.19764
-1.21396
-1.2393
-1.26884
-1.29778
-1.35074
-1.33276
-1.33555
-1.35376
-1.38201
-1.41495
-1.44722
-1.4
-1.38137
-1.38426
-1.40312
-1.43241
-1.46655
-1.5
-1.35074
-1.33276
-1.33555
-1.35376
-1.38201
-1.41495
-1.44722
-1.21126
-1.19514
-1.19764
-1.21396
-1.2393
-1.26884
-1.29778
-0.994
-0.98077
-0.982824
-0.996219
-1.01701
-1.04125
-1.065
-0.711407
-0.701938
-0.703409
-0.712995
-0.727875
-0.745225
-0.762222
-0.375926
-0.370922
-0.371699
-0.376765
-0.384628
-0.393796
-0.402778
0
0
0
0
0
0
0
0.375926
0.370922
0.371699
0.376765
0.384628
0.393796
0.402778
0.711407
0.701938
0.703409
0.712995
0.727875
0.745225
0.762222
0.994
0.98077
0.982824
0.996219
1.01701
1.04125
1.065
1.21126
1.19514
1.19764
1.21396
1.2393
1.26884
1.29778
1.35074
1.33276
1.33555
1.35376
1.38201
1.41495
1.44722
1.4
1.38137
1.38426
1.40312
1.43241
1.46655
1.5
1.35074
1.33276
1.33555
1.35376
1.38201
1.41495
1.44722
1.21126
1.19514
1.19764
1.21396
1.2393
1.26884
1.29778
0.994
0.98077
0.982824
0.996219
1.01701
1.04125
1.065
0.711407
0.701938
0.703409
0.712995
0.727875
0.745225
0.762222
0.375926
0.370922
0.371699
0.376765
0.384628
0.393796
0.402778
0
-0.436032
0
-0.467421
0
-0.495081
0
-0.517147
0
-0.531754
0
-0.537037
-0.825153
-0.884554
-0.936898
-0.978656
-1.0063
-1.0163
-1.15293
-1.23593
-1.30906
-1.36741
-1.40603
-1.42
-1.40492
-1.50606
-1.59519
-1.66628
-1.71335
-1.73037
-1.56671
-1.67949
-1.77888
-1.85816
-1.91065
-1.92963
-1.62384
-1.74074
-1.84375
-1.92593
-1.98032
-2
-1.56671
-1.67949
-1.77888
-1.85816
-1.91065
-1.92963
-1.40492
-1.50606
-1.59519
-1.66628
-1.71335
-1.73037
-1.15293
-1.23593
-1.30906
-1.36741
-1.40603
-1.42
-0.825153
-0.884554
-0.936898
-0.978656
-1.0063
-1.0163
-0.436032
-0.467421
-0.495081
-0.517147
-0.531754
-0.537037
0
0
0
0
0
0
0.436032
0.467421
0.495081
0.517147
0.531754
0.537037
0.825153
0.884554
0.936898
0.978656
1.0063
1.0163
1.15293
1.23593
1.30906
1.36741
1.40603
1.42
1.40492
1.50606
1.59519
1.66628
1.71335
1.73037
1.56671
1.67949
1.77888
1.85816
1.91065
1.92963
1.62384
1.74074
1.84375
1.92593
1.98032
2
1.56671
1.67949
1.77888
1.85816
1.91065
1.92963
1.40492
1.50606
1.59519
1.66628
1.71335
1.73037
1.15293
1.23593
1.30906
1.36741
1.40603
1.42
0.825153
0.884554
0.936898
0.978656
1.0063
1.0163
0.436032
0.467421
0.495081
0.517147
0.531754
0.537037
0
-0.527092
0
-0.502229
0
-0.469907
0
-0.437586
0
-0.412723
0
-0.402778
-0.997476
-0.950425
-0.889259
-0.828093
-0.781043
-0.762222
-1.3937
-1.32796
-1.2425
-1.15704
-1.0913
-1.065
-1.69833
-1.61822
-1.51407
-1.40993
-1.32982
-1.29778
-1.8939
-1.80456
-1.68843
-1.57229
-1.48296
-1.44722
-1.96296
-1.87037
-1.75
-1.62963
-1.53704
-1.5
-1.8939
-1.80456
-1.68843
-1.57229
-1.48296
-1.44722
-1.69833
-1.61822
-1.51407
-1.40993
-1.32982
-1.29778
-1.3937
-1.32796
-1.2425
-1.15704
-1.0913
-1.065
-0.997476
-0.950425
-0.889259
-0.828093
-0.781043
-0.762222
-0.527092
-0.502229
-0.469907
-0.437586
-0.412723
-0.402778
0
0
0
0
0
0
0.527092
0.502229
0.469907
0.437586
0.412723
0.402778
0.997476
0.950425
0.889259
0.828093
0.781043
0.762222
1.3937
1.32796
1.2425
1.15704
1.0913
1.065
1.69833
1.61822
1.51407
1.40993
1.32982
1.29778
1.8939
1.80456
1.68843
1.57229
1.48296
1.44722
1.96296
1.87037
1.75
1.62963
1.53704
1.5
1.8939
1.80456
1.68843
1.57229
1.48296
1.44722
1.69833
1.61822
1.51407
1.40993
1.32982
1.29778
1.3937
1.32796
1.2425
1.15704
1.0913
1.065
0.997476
0.950425
0.889259
0.828093
0.781043
0.762222
0.527092
0.502229
0.469907
0.437586
0.412723
0.402778
0
0
0.162696
0
0.274486
0
0.344878
0
0.383385
0
0.399515
0.307888
0.51944
0.652653
0.725523
0.756047
0.430191
0.725778
0.911906
1.01372
1.05637
0.524218
0.884412
1.11122
1.23529
1.28726
0.584584
0.986255
1.23918
1.37754
1.4355
0.605903
1.02222
1.28437
1.42778
1.48785
0.584584
0.986255
1.23918
1.37754
1.4355
0.524218
0.884412
1.11122
1.23529
1.28726
0.430191
0.725778
0.911906
1.01372
1.05637
0.307888
0.51944
0.652653
0.725523
0.756047
0.162696
0.274486
0.344878
0.383385
0.399515
0
0
0
0
0
-0.162696
-0.274486
-0.344878
-0.383385
-0.399515
-0.307888
-0.51944
-0.652653
-0.725523
-0.756047
-0.430191
-0.725778
-0.911906
-1.01372
-1.05637
-0.524218
-0.884412
-1.11122
-1.23529
-1.28726
-0.584584
-0.986255
-1.23918
-1.37754
-1.4355
-0.605903
-1.02222
-1.28437
-1.42778
-1.48785
-0.584584
-0.986255
-1.23918
-1.37754
-1.4355
-0.524218
-0.884412
-1.11122
-1.23529
-1.28726
-0.430191
-0.725778
-0.911906
-1.01372
-1.05637
-0.307888
-0.51944
-0.652653
-0.725523
-0.756047
-0.162696
-0.274486
-0.344878
-0.383385
-0.399515
0
0
-0.046045
-0.053704
-0.087106
-0.10163
-0.121672
-0.142
-0.148234
-0.173037
-0.165279
-0.192963
-0.171296
-0.2
-0.165279
-0.192963
-0.148234
-0.173037
-0.121672
-0.142
-0.087106
-0.10163
-0.046045
-0.053704
0
0
0.046045
0.053704
0.087106
0.10163
0.121672
0.142
0.148234
0.173037
0.165279
0.192963
0.171296
0.2
0.165279
0.192963
0.148234
0.173037
0.121672
0.142
0.087106
0.10163
0.046045
0.053704
0
-0.09423
0
-0.15415
0
-0.221528
0
-0.284431
0
-0.330924
0
-0.349074
-0.178322
-0.291715
-0.419222
-0.538261
-0.626246
-0.660593
-0.249157
-0.407593
-0.58575
-0.752074
-0.875009
-0.923
-0.303616
-0.49668
-0.713778
-0.916455
-1.06626
-1.12474
-0.338579
-0.553875
-0.795972
-1.02199
-1.18904
-1.25426
-0.350926
-0.574074
-0.825
-1.05926
-1.23241
-1.3
-0.338579
-0.553875
-0.795972
-1.02199
-1.18904
-1.25426
-0.303616
-0.49668
-0.713778
-0.916455
-1.06626
-1.12474
-0.249157
-0.407593
-0.58575
-0.752074
-0.875009
-0.923
-0.178322
-0.291715
-0.419222
-0.538261
-0.626246
-0.660593
-0.09423
-0.15415
-0.221528
-0.284431
-0.330924
-0.349074
0
0
0
0
0
0
0.09423
0.15415
0.221528
0.284431
0.330924
0.349074
0.178322
0.291715
0.419222
0.538261
0.626246
0.660593
0.249157
0.407593
0.58575
0.752074
0.875009
0.923
0.303616
0.49668
0.713778
0.916455
1.06626
1.12474
0.338579
0.553875
0.795972
1.02199
1.18904
1.25426
0.350926
0.574074
0.825
1.05926
1.23241
1.3
0.338579
0.553875
0.795972
1.02199
1.18904
1.25426
0.303616
0.49668
0.713778
0.916455
1.06626
1.12474
0.249157
0.407593
0.58575
0.752074
0.875009
0.923
0.178322
0.291715
0.419222
0.538261
0.626246
0.660593
0.09423
0.15415
0.221528
0.284431
0.330924
0.349074
0
0
-0.125
-0.125
0
-0.125
0
-0.125
0
-0.125
0
-0.125
0
-0.125
-0.2
-0.2
-0.2
-0.2
-0.2
-0.2
-0.2
-0.225
-0.225
-0.225
-0.225
-0.225
-0.225
-0.225
-0.2
-0.2
-0.2
-0.2
-0.2
-0.2
-0.2
-0.125
-0.125
-0.125
-0.125
-0.125
-0.125
-0.125
0
0
0
0
0
0
0
0.125
0.125
0.125
0.125
0.125
0.125
0.125
0.2
0.2
0.2
0.2
0.2
0.2
0.2
0.225
0.225
0.225
0.225
0.225
0.225
0.225
0.2
0.2
0.2
0.2
0.2
0.2
0.2
0.125
0.125
0.125
0.125
0.125
0.125
0.125
0
-0.125
0
-0.125
0
-0.125
0
-0.125
0
-0.125
-0.125
-0.2
-0.2
-0.2
-0.2
-0.2
-0.2
-0.225
-0.225
-0.225
-0.225
-0.225
-0.225
-0.2
-0.2
-0.2
-0.2
-0.2
-0.2
-0.125
-0.125
-0.125
-0.125
-0.125
-0.125
0
0
0
0
0
0
0.125
0.125
0.125
0.125
0.125
0.125
0.2
0.2
0.2
0.2
0.2
0.2
0.225
0.225
0.225
0.225
0.225
0.225
0.2
0.2
0.2
0.2
0.2
0.2
0.125
0.125
0.125
0.125
0.125
0.125
0
0
-0.275
-0.262346
0
-0.23071
0
-0.189583
0
-0.148457
0
-0.116821
0
-0.104167
-0.44
-0.419753
-0.369136
-0.303333
-0.237531
-0.186914
-0.166667
-0.495
-0.472222
-0.415278
-0.34125
-0.267222
-0.210278
-0.1875
-0.44
-0.419753
-0.369136
-0.303333
-0.237531
-0.186914
-0.166667
-0.275
-0.262346
-0.23071
-0.189583
-0.148457
-0.116821
-0.104167
0
0
0
0
0
0
0
0.275
0.262346
0.23071
0.189583
0.148457
0.116821
0.104167
0.44
0.419753
0.369136
0.303333
0.237531
0.186914
0.166667
0.495
0.472222
0.415278
0.34125
0.267222
0.210278
0.1875
0.44
0.419753
0.369136
0.303333
0.237531
0.186914
0.166667
0.275
0.262346
0.23071
0.189583
0.148457
0.116821
0.104167
0
-0.101032
0
-0.092978
0
-0.082031
0
-0.070216
0
-0.059558
0
-0.052083
-0.161574
-0.148148
-0.129167
-0.107407
-0.085648
-0.066667
-0.181684
-0.165972
-0.142969
-0.115278
-0.085504
-0.05625
-0.16142
-0.146914
-0.125
-0.097531
-0.066358
-0.033333
-0.100839
-0.091435
-0.076823
-0.05787
-0.035446
-0.010417
0
0
0
0
0
0
0.10108
0.093364
0.083333
0.073303
0.065586
0.0625
0.161728
0.149383
0.133333
0.117284
0.104938
0.1
0.181944
0.168056
0.15
0.131944
0.118056
0.1125
0.161728
0.149383
0.133333
0.117284
0.104938
0.1
0.10108
0.093364
0.083333
0.073303
0.065586
0.0625
0
0
-0.075078
0
-0.097771
0
-0.087529
0
-0.063803
-0.141931
-0.184834
-0.165481
-0.120647
-0.19814
-0.258037
-0.231031
-0.168463
-0.241285
-0.314228
-0.281352
-0.20518
-0.268946
-0.350254
-0.313617
-0.228728
-0.278704
-0.362963
-0.325
-0.237037
-0.268946
-0.350254
-0.313617
-0.228728
-0.241285
-0.314228
-0.281352
-0.20518
-0.19814
-0.258037
-0.231031
-0.168463
-0.141931
-0.184834
-0.165481
-0.120647
-0.075078
-0.097771
-0.087529
-0.063803
0
0
0
0
0.075078
0.097771
0.087529
0.063803
0.141931
0.184834
0.165481
0.120647
0.19814
0.258037
0.231031
0.168463
0.241285
0.314228
0.281352
0.20518
0.268946
0.350254
0.313617
0.228728
0.278704
0.362963
0.325
0.237037
0.268946
0.350254
0.313617
0.228728
0.241285
0.314228
0.281352
0.20518
0.19814
0.258037
0.231031
0.168463
0.141931
0.184834
0.165481
0.120647
0.075078
0.097771
0.087529
0.063803