2.45469
2.4
2.4
2.45469
2.4875
2.4875
2.49844
2.49844
2.4875
2.4875
2.45469
2.45469
2.4
2.4
2.4
2.45469
2.4875
2.49844
2.4875
2.45469
2.4
2.4
2.45469
2.4875
2.49844
2.4875
2.45469
2.4
2.4
2.45469
2.4875
2.49844
2.4875
2.45469
2.4
2.4
2.45469
2.4875
2.49844
2.4875
2.45469
2.4
2.4
2.45469
2.4875
2.49844
2.4875
2.45469
2.4
2.4
2.45469
2.4875
2.49844
2.4875
2.45469
2.4
2.4
2.45469
2.4875
2.49844
2.4875
2.45469
2.4
2.4
2.45469
2.4875
2.49844
2.4875
2.45469
2.4
2.4
2.45469
2.4875
2.49844
2.4875
2.45469
2.4
2.4
2.45469
2.4875
2.49844
2.4875
2.45469
2.4
2.4
2.45469
2.4875
2.49844
2.4875
2.45469
2.4
2.4
2.45469
2.4875
2.49844
2.4875
2.45469
2.4
2.4
2.45469
2.4875
2.49844
2.4875
2.45469
2.4
2.4
2.45469
2.4875
2.49844
2.4875
2.45469
2.4
2.4
2.45469
2.4875
2.49844
2.4875
2.45469
2.4
2.4
2.45469
2.4875
2.49844
2.4875
2.45469
2.4
2.4
2.45469
2.4875
2.49844
2.4875
2.45469
2.4
2.4
2.45469
2.4875
2.49844
2.4875
2.45469
2.4
2.4
2.45469
2.4875
2.49844
2.4875
2.45469
2.4
2.4
2.45469
2.4875
2.49844
2.4875
2.45469
2.4
2.4
2.45469
2.4875
2.49844
2.4875
2.45469
2.4
2.4
2.45469
2.4875
2.49844
2.4875
2.45469
2.4
2.13785
2.13785
1.87778
1.87778
1.62187
1.62188
1.37222
1.37222
1.1309
1.1309
0.9
0.9
2.13785
1.87778
1.62188
1.37222
1.1309
0.9
2.13785
1.87778
1.62187
1.37222
1.1309
0.9
2.13785
1.87778
1.62188
1.37222
1.1309
0.9
2.13785
1.87778
1.62187
1.37222
1.1309
0.9
2.13785
1.87778
1.62187
1.37222
1.1309
0.9
2.13785
1.87778
1.62188
1.37222
1.1309
0.9
2.13785
1.87778
1.62188
1.37222
1.1309
0.9
2.13785
1.87778
1.62187
1.37222
1.1309
0.9
2.13785
1.87778
1.62188
1.37222
1.1309
0.9
2.13785
1.87778
1.62187
1.37222
1.1309
0.9
2.13785
1.87778
1.62187
1.37222
1.1309
0.9
2.13785
1.87778
1.62188
1.37222
1.1309
0.9
2.13785
1.87778
1.62188
1.37222
1.1309
0.9
2.13785
1.87778
1.62187
1.37222
1.1309
0.9
2.13785
1.87778
1.62188
1.37222
1.1309
0.9
2.13785
1.87778
1.62187
1.37222
1.1309
0.9
2.13785
1.87778
1.62187
1.37222
1.1309
0.9
2.13785
1.87778
1.62188
1.37222
1.1309
0.9
2.13785
1.87778
1.62188
1.37222
1.1309
0.9
2.13785
1.87778
1.62187
1.37222
1.1309
0.9
2.13785
1.87778
1.62188
1.37222
1.1309
0.9
2.13785
1.87778
1.62187
1.37222
1.1309
0.9
0.693403
0.693403
0.522222
0.522222
0.384375
0.384375
0.277778
0.277778
0.200347
0.200347
0.15
0.15
0.693403
0.522222
0.384375
0.277778
0.200347
0.15
0.693403
0.522222
0.384375
0.277778
0.200347
0.15
0.693403
0.522222
0.384375
0.277778
0.200347
0.15
0.693403
0.522222
0.384375
0.277778
0.200347
0.15
0.693403
0.522222
0.384375
0.277778
0.200347
0.15
0.693403
0.522222
0.384375
0.277778
0.200347
0.15
0.693403
0.522222
0.384375
0.277778
0.200347
0.15
0.693403
0.522222
0.384375
0.277778
0.200347
0.15
0.693403
0.522222
0.384375
0.277778
0.200347
0.15
0.693403
0.522222
0.384375
0.277778
0.200347
0.15
0.693403
0.522222
0.384375
0.277778
0.200347
0.15
0.693403
0.522222
0.384375
0.277778
0.200347
0.15
0.693403
0.522222
0.384375
0.277778
0.200347
0.15
0.693403
0.522222
0.384375
0.277778
0.200347
0.15
0.693403
0.522222
0.384375
0.277778
0.200347
0.15
0.693403
0.522222
0.384375
0.277778
0.200347
0.15
0.693403
0.522222
0.384375
0.277778
0.200347
0.15
0.693403
0.522222
0.384375
0.277778
0.200347
0.15
0.693403
0.522222
0.384375
0.277778
0.200347
0.15
0.693403
0.522222
0.384375
0.277778
0.200347
0.15
0.693403
0.522222
0.384375
0.277778
0.200347
0.15
0.693403
0.522222
0.384375
0.277778
0.200347
0.15
0.005903
0
0.005903
0.022222
0.022222
0.046875
0.046875
0.077778
0.077778
0.112847
0.112847
0.005903
0.022222
0.046875
0.077778
0.112847
0.005903
0.022222
0.046875
0.077778
0.112847
0.005903
0.022222
0.046875
0.077778
0.112847
0.005903
0.022222
0.046875
0.077778
0.112847
0.005903
0.022222
0.046875
0.077778
0.112847
0.005903
0.022222
0.046875
0.077778
0.112847
0.005903
0.022222
0.046875
0.077778
0.112847
0.005903
0.022222
0.046875
0.077778
0.112847
0.005903
0.022222
0.046875
0.077778
0.112847
0.005903
0.022222
0.046875
0.077778
0.112847
0.005903
0.022222
0.046875
0.077778
0.112847
0.005903
0.022222
0.046875
0.077778
0.112847
0.005903
0.022222
0.046875
0.077778
0.112847
0.005903
0.022222
0.046875
0.077778
0.112847
0.005903
0.022222
0.046875
0.077778
0.112847
0.005903
0.022222
0.046875
0.077778
0.112847
0.005903
0.022222
0.046875
0.077778
0.112847
0.005903
0.022222
0.046875
0.077778
0.112847
0.005903
0.022222
0.046875
0.077778
0.112847
0.005903
0.022222
0.046875
0.077778
0.112847
0.005903
0.022222
0.046875
0.077778
0.112847
0.005903
0.022222
0.046875
0.077778
0.112847
2.7
2.78542
2.78542
2.7
2.78542
2.7
2.78542
2.7
2.78542
2.7
2.78542
2.7
2.78542
2.7
2.78542
2.7
2.78542
2.7
2.78542
2.7
2.78542
2.7
2.78542
2.7
2.78542
2.7
2.78542
2.7
2.78542
2.7
2.78542
2.7
2.78542
2.7
2.78542
2.7
2.78542
2.7
2.78542
2.7
2.78542
2.7
2.78542
2.7
2.78542
2.7
2.78542
2.7
2.63611
2.63611
2.58889
2.58889
2.55
2.55
2.51111
2.51111
2.46389
2.46389
2.4
2.4
2.63611
2.58889
2.55
2.51111
2.46389
2.4
2.63611
2.58889
2.55
2.51111
2.46389
2.4
2.63611
2.58889
2.55
2.51111
2.46389
2.4
2.63611
2.58889
2.55
2.51111
2.46389
2.4
2.63611
2.58889
2.55
2.51111
2.46389
2.4
2.63611
2.58889
2.55
2.51111
2.46389
2.4
2.63611
2.58889
2.55
2.51111
2.46389
2.4
2.63611
2.58889
2.55
2.51111
2.46389
2.4
2.63611
2.58889
2.55
2.51111
2.46389
2.4
2.63611
2.58889
2.55
2.51111
2.46389
2.4
2.63611
2.58889
2.55
2.51111
2.46389
2.4
2.63611
2.58889
2.55
2.51111
2.46389
2.4
2.63611
2.58889
2.55
2.51111
2.46389
2.4
2.63611
2.58889
2.55
2.51111
2.46389
2.4
2.63611
2.58889
2.55
2.51111
2.46389
2.4
2.63611
2.58889
2.55
2.51111
2.46389
2.4
2.63611
2.58889
2.55
2.51111
2.46389
2.4
2.63611
2.58889
2.55
2.51111
2.46389
2.4
2.63611
2.58889
2.55
2.51111
2.46389
2.4
2.63611
2.58889
2.55
2.51111
2.46389
2.4
2.63611
2.58889
2.55
2.51111
2.46389
2.4
2.63611
2.58889
2.55
2.51111
2.46389
2.4
2.02396
2.025
2.04167
2.04055
2.01667
2.03272
1.99687
2.01146
1.95833
1.97006
1.89479
1.90181
1.8
1.8
2.08333
2.08202
2.07284
2.04792
1.99938
1.91937
1.8
2.1375
2.13594
2.125
2.09531
2.0375
1.94219
1.8
2.19167
2.18985
2.17716
2.14271
2.07562
1.96501
1.8
2.23333
2.23133
2.21728
2.17917
2.10494
1.98256
1.8
2.25
2.24792
2.23333
2.19375
2.11667
1.98958
1.8
2.23333
2.23133
2.21728
2.17917
2.10494
1.98256
1.8
2.19167
2.18985
2.17716
2.14271
2.07562
1.96501
1.8
2.1375
2.13594
2.125
2.09531
2.0375
1.94219
1.8
2.08333
2.08202
2.07284
2.04792
1.99938
1.91937
1.8
2.04167
2.04055
2.03272
2.01146
1.97006
1.90181
1.8
1.67083
1.66398
1.51667
1.50535
1.35
1.33576
1.18333
1.16687
1.02917
1.01033
0.877778
1.64684
1.47706
1.30017
1.12572
0.963227
0.822222
1.62457
1.44028
1.25391
1.07222
0.901997
0.75
1.60229
1.4035
1.20764
1.01872
0.840766
0.677778
1.58515
1.37521
1.17205
0.977572
0.793666
0.622222
1.5783
1.36389
1.15781
0.961111
0.774826
0.6
1.58515
1.37521
1.17205
0.977572
0.793666
0.622222
1.60229
1.4035
1.20764
1.01872
0.840766
0.677778
1.62457
1.44028
1.25391
1.07222
0.901997
0.75
1.64684
1.47706
1.30017
1.12572
0.963227
0.822222
1.66398
1.50535
1.33576
1.16687
1.01033
0.877778
1.47639
1.425
1.36389
1.42521
1.61111
1.57202
1.8
1.77361
2.01389
1.99928
2.22361
2.21831
2.4
2.4
1.21111
1.29725
1.47428
1.70764
1.96276
2.20507
2.4
1.0125
1.1309
1.34722
1.62187
1.91528
2.18785
2.4
0.813889
0.964558
1.22016
1.53611
1.8678
2.17063
2.4
0.661111
0.8366
1.12243
1.47014
1.83128
2.15738
2.4
0.6
0.785417
1.08333
1.44375
1.81667
2.15208
2.4
0.661111
0.8366
1.12243
1.47014
1.83128
2.15738
2.4
0.813889
0.964558
1.22016
1.53611
1.8678
2.17063
2.4
1.0125
1.1309
1.34722
1.62187
1.91528
2.18785
2.4
1.21111
1.29725
1.47428
1.70764
1.96276
2.20507
2.4
1.36389
1.42521
1.57202
1.77361
1.99928
2.21831
2.4
2.43125
2.43193
2.45
2.45123
2.45625
2.45781
2.45
2.45154
2.43125
2.43231
2.4
2.4
2.43361
2.45432
2.46172
2.4554
2.43496
2.4
2.43581
2.45833
2.4668
2.46042
2.43841
2.4
2.438
2.46235
2.47187
2.46543
2.44186
2.4
2.43969
2.46543
2.47578
2.46929
2.44451
2.4
2.44036
2.46667
2.47734
2.47083
2.44557
2.4
2.43969
2.46543
2.47578
2.46929
2.44451
2.4
2.438
2.46235
2.47187
2.46543
2.44186
2.4
2.43581
2.45833
2.4668
2.46042
2.43841
2.4
2.43361
2.45432
2.46172
2.4554
2.43496
2.4
2.43193
2.45123
2.45781
2.45154
2.43231
2.4
3.12708
3.15
3.12708
3.06667
3.06667
2.98125
2.98125
2.88333
2.88333
3.12708
3.06667
2.98125
2.88333
3.12708
3.06667
2.98125
2.88333
3.12708
3.06667
2.98125
2.88333
3.12708
3.06667
2.98125
2.88333
3.12708
3.06667
2.98125
2.88333
3.12708
3.06667
2.98125
2.88333
3.12708
3.06667
2.98125
2.88333
3.12708
3.06667
2.98125
2.88333
3.12708
3.06667
2.98125
2.88333
3.12708
3.06667
2.98125
2.88333
3.12708
3.06667
2.98125
2.88333
3.12708
3.06667
2.98125
2.88333
3.12708
3.06667
2.98125
2.88333
3.12708
3.06667
2.98125
2.88333
3.12708
3.06667
2.98125
2.88333
3.12708
3.06667
2.98125
2.88333
3.12708
3.06667
2.98125
2.88333
3.12708
3.06667
2.98125
2.88333
3.12708
3.06667
2.98125
2.88333
3.12708
3.06667
2.98125
2.88333
3.12708
3.06667
2.98125
2.88333
3.12708
3.06667
2.98125
2.88333